timestamp,phone_detected,head_down,looking_at_phone
0.07,0,0,0
0.20,0,0,0
0.33,0,0,0
0.47,0,0,0
0.60,0,0,0
0.73,0,0,0
0.87,0,0,0
1.00,0,0,0
1.13,0,0,0
1.27,0,0,0
1.40,0,0,0
1.53,0,0,0
1.67,0,0,0
1.80,0,0,0
1.93,0,0,0
2.07,0,0,0
2.20,0,0,0
2.33,0,0,0
2.47,0,0,0
2.60,0,0,0
2.73,0,0,0
2.87,0,0,0
3.00,0,0,0
3.13,0,0,0
3.27,0,0,0
3.40,0,0,0
3.53,0,0,0
3.67,0,0,0
3.80,0,0,0
3.93,0,0,0
4.07,0,0,0
4.20,0,0,0
4.33,0,0,0
4.47,0,0,0
4.60,0,0,0
4.73,0,0,0
4.87,0,0,0
5.00,0,0,0
5.13,0,0,0
5.27,0,0,0
5.40,0,0,0
5.53,0,0,0
5.67,0,0,0
5.80,0,0,0
5.93,0,0,0
6.07,0,0,0
6.20,0,0,0
6.33,0,0,0
6.47,0,0,0
6.60,0,0,0
6.73,0,0,0
6.87,0,0,0
7.00,0,0,0
7.13,0,0,0
7.27,0,0,0
7.40,0,0,0
7.53,0,0,0
7.67,0,0,0
7.80,0,0,0
7.93,0,0,0
8.07,0,0,0
8.20,0,0,0
8.33,0,0,0
8.47,0,0,0
8.60,0,0,0
8.73,0,0,0
8.87,0,0,0
9.00,0,0,0
9.13,0,0,0
9.27,0,0,0
9.37,0,0,0
9.43,0,0,0
9.50,0,0,0
9.57,0,0,0
9.63,0,0,0
9.70,0,0,0
9.77,0,0,0
9.83,0,0,0
9.90,0,0,0
9.97,0,0,0
10.03,0,0,0
10.10,0,0,0
10.17,0,0,0
10.23,0,0,0
10.30,0,0,0
10.37,0,0,0
10.43,0,0,0
10.50,0,0,0
10.57,0,0,0
10.63,0,0,0
10.70,0,0,0
10.77,0,0,0
10.83,0,0,0
10.90,0,0,0
10.97,0,0,0
11.03,0,0,0
11.10,0,0,0
11.17,0,0,0
11.23,0,0,0
11.30,0,0,0
11.37,0,0,0
11.43,0,0,0
11.50,0,0,0
11.57,0,0,0
11.63,0,0,0
11.70,0,0,0
11.77,0,0,0
11.83,0,0,0
11.90,0,0,0
11.97,0,0,0
12.03,0,0,0
12.10,0,0,0
12.17,0,0,0
12.23,0,0,0
12.30,0,0,0
12.37,0,0,0
12.43,0,0,0
12.50,0,0,0
12.57,0,0,0
12.63,0,0,0
12.70,0,0,0
12.77,0,0,0
12.83,0,0,0
12.90,0,0,0
12.97,0,0,0
13.07,0,0,0
13.20,0,0,0
13.33,0,0,0
13.47,0,0,0
13.60,0,0,0
13.70,0,0,0
13.77,0,0,0
13.83,0,0,0
13.90,0,0,0
13.97,0,0,0
14.03,0,0,0
14.10,0,0,0
14.17,0,0,0
14.23,0,0,0
14.30,0,0,0
14.37,0,0,0
14.43,0,0,0
14.50,0,0,0
14.57,0,0,0
14.63,0,0,0
14.70,0,0,0
14.77,0,0,0
14.83,0,0,0
14.90,0,0,0
14.97,0,0,0
15.03,0,0,0
15.10,0,0,0
15.17,0,0,0
15.23,0,0,0
15.30,0,0,0
15.37,0,0,0
15.43,0,0,0
15.50,0,0,0
15.57,0,0,0
15.63,0,0,0
15.70,0,0,0
15.77,0,0,0
15.83,0,0,0
15.90,0,0,0
15.97,0,0,0
16.03,0,0,0
16.10,0,0,0
16.17,0,0,0
16.23,0,0,0
16.30,0,0,0
16.37,0,0,0
16.43,0,0,0
16.50,0,0,0
16.57,0,0,0
16.63,0,0,0
16.70,0,0,0
16.77,0,0,0
16.83,0,0,0
16.90,0,0,0
16.97,0,0,0
17.03,0,0,0
17.10,0,0,0
17.17,0,0,0
17.23,0,0,0
17.30,0,0,0
17.37,0,0,0
17.43,0,0,0
17.50,0,0,0
17.57,0,0,0
17.63,0,0,0
17.70,0,0,0
17.77,0,0,0
17.83,0,0,0
17.90,0,0,0
17.97,0,0,0
18.03,0,0,0
18.10,0,0,0
18.17,0,0,0
18.23,0,0,0
18.30,0,0,0
18.37,0,0,0
18.43,0,0,0
18.50,0,0,0
18.57,0,0,0
18.63,0,0,0
18.70,0,0,0
18.77,0,0,0
18.83,0,0,0
18.90,0,0,0
18.97,0,0,0
19.03,0,0,0
19.10,0,0,0
19.17,0,0,0
19.23,0,0,0
19.30,0,0,0
19.37,0,0,0
19.43,0,0,0
19.50,0,0,0
19.57,0,0,0
19.63,0,0,0
19.70,0,0,0
19.77,0,0,0
19.83,0,0,0
19.90,0,0,0
19.97,0,0,0
20.03,0,0,0
20.10,0,0,0
20.17,0,0,0
20.23,0,0,0
20.30,0,0,0
20.37,0,0,0
20.43,0,0,0
20.50,0,0,0
20.57,0,0,0
20.63,0,0,0
20.70,0,0,0
20.77,0,0,0
20.83,0,0,0
20.90,0,0,0
20.97,0,0,0
21.03,0,0,0
21.10,0,0,0
21.17,0,0,0
21.23,0,0,0
21.30,0,0,0
21.40,0,0,0
21.53,0,0,0
21.67,0,0,0
21.80,0,0,0
21.93,0,0,0
22.07,0,0,0
22.20,0,0,0
22.33,0,0,0
22.47,0,0,0
22.60,0,0,0
22.73,0,0,0
22.87,0,0,0
23.00,0,0,0
23.13,0,0,0
23.27,0,0,0
23.40,0,0,0
23.53,0,0,0
23.67,0,0,0
23.80,0,0,0
23.93,0,0,0
24.07,0,0,0
24.20,0,0,0
24.33,0,0,0
24.47,0,0,0
24.60,0,0,0
24.73,0,0,0
24.87,0,0,0
25.00,0,0,0
25.13,0,0,0
25.27,0,0,0
25.40,0,0,0
25.53,0,0,0
25.67,0,0,0
25.80,0,0,0
25.93,0,0,0
26.07,0,0,0
26.20,0,0,0
26.33,0,0,0
26.47,0,0,0
26.60,0,0,0
26.73,0,0,0
26.87,0,0,0
27.00,0,0,0
27.13,0,0,0
27.27,0,0,0
27.40,0,0,0
27.53,0,0,0
27.67,0,0,0
27.80,0,0,0
27.93,0,0,0
28.07,0,0,0
28.20,0,0,0
28.33,0,0,0
28.47,0,0,0
28.60,0,0,0
28.73,0,0,0
28.87,0,0,0
29.00,0,0,0
29.13,0,0,0
29.27,0,0,0
29.40,0,0,0
29.53,0,0,0
29.67,0,0,0
29.80,0,0,0
29.93,0,0,0
30.07,0,0,0
30.20,0,0,0
30.33,0,0,0
30.47,0,0,0
30.60,0,0,0
30.73,0,0,0
30.87,0,0,0
31.00,0,0,0
31.13,0,0,0
31.27,0,0,0
31.40,0,0,0
31.53,0,0,0
31.67,0,0,0
31.80,0,0,0
31.93,0,0,0
32.07,0,0,0
32.20,0,0,0
32.33,0,0,0
32.47,0,0,0
32.60,0,0,0
32.73,0,0,0
32.87,0,0,0
33.00,0,0,0
33.13,0,0,0
33.27,0,0,0
33.40,0,0,0
33.53,0,0,0
33.67,0,0,0
33.80,0,0,0
33.93,0,0,0
34.07,0,0,0
34.20,0,0,0
34.33,0,0,0
34.47,0,0,0
34.60,0,0,0
34.73,0,0,0
34.87,0,0,0
35.00,0,0,0
35.13,0,0,0
35.27,0,0,0
35.40,0,0,0
35.53,0,0,0
35.67,0,0,0
35.80,0,0,0
35.93,0,0,0
36.07,0,0,0
36.20,0,0,0
36.33,0,0,0
36.47,0,0,0
36.60,0,0,0
36.73,0,0,0
36.87,0,0,0
37.00,0,0,0
37.13,0,0,0
37.27,0,0,0
37.40,0,0,0
37.53,0,0,0
37.67,0,0,0
37.80,0,0,0
37.93,0,0,0
38.07,0,0,0
38.20,0,0,0
38.33,0,0,0
38.47,0,0,0
38.60,0,0,0
38.73,0,0,0
38.87,0,0,0
39.00,0,0,0
39.13,0,0,0
39.27,0,0,0
39.40,0,0,0
39.53,0,0,0
39.67,0,0,0
39.80,0,0,0
39.93,0,0,0
40.07,0,0,0
40.20,0,0,0
40.33,0,0,0
40.47,0,0,0
40.60,0,0,0
40.73,0,0,0
40.87,0,0,0
41.00,0,0,0
41.13,0,0,0
41.27,0,0,0
41.40,0,0,0
41.53,0,0,0
41.67,0,0,0
41.80,0,0,0
41.93,0,0,0
42.07,0,0,0
42.20,0,0,0
42.33,0,0,0
42.47,0,0,0
42.60,0,0,0
42.73,0,0,0
42.87,0,0,0
43.00,0,0,0
43.13,0,0,0
43.27,0,0,0
43.40,0,0,0
43.53,0,0,0
43.67,0,0,0
43.80,0,0,0
43.93,0,0,0
44.07,0,0,0
44.20,0,0,0
44.33,0,0,0
44.47,0,0,0
44.60,0,0,0
44.73,0,0,0
44.87,0,0,0
45.00,0,0,0
45.13,0,0,0
45.27,0,0,0
45.40,0,0,0
45.53,0,0,0
45.67,0,0,0
45.80,0,0,0
45.93,0,0,0
46.07,0,0,0
46.20,0,0,0
46.33,0,0,0
46.47,0,0,0
46.60,0,0,0
46.73,0,0,0
46.87,0,0,0
47.00,0,0,0
47.13,0,0,0
47.27,0,0,0
47.40,0,0,0
47.53,0,0,0
47.67,0,0,0
47.80,0,0,0
47.93,0,0,0
48.07,0,0,0
48.20,0,0,0
48.33,0,0,0
48.47,0,0,0
48.60,0,0,0
48.73,0,0,0
48.87,0,0,0
49.00,0,0,0
49.13,0,0,0
49.27,0,0,0
49.40,0,0,0
49.53,0,0,0
49.67,0,0,0
49.80,0,0,0
49.93,0,0,0
50.07,0,0,0
50.20,0,0,0
50.33,0,0,0
50.47,0,0,0
50.60,0,0,0
50.73,0,0,0
50.87,0,0,0
51.00,0,0,0
51.13,0,0,0
51.27,0,0,0
51.40,0,0,0
51.53,0,0,0
51.67,0,0,0
51.80,0,0,0
51.90,0,0,0
51.97,0,0,0
52.03,0,0,0
52.10,0,0,0
52.17,0,0,0
52.23,0,0,0
52.30,0,0,0
52.37,0,0,0
52.43,0,0,0
52.50,0,0,0
52.57,0,0,0
52.63,0,0,0
52.70,0,0,0
52.77,0,0,0
52.83,0,0,0
52.90,0,0,0
52.97,0,0,0
53.03,0,0,0
53.10,0,0,0
53.17,0,0,0
53.23,0,0,0
53.30,0,0,0
53.37,0,0,0
53.43,0,0,0
53.50,0,0,0
53.57,0,0,0
53.63,0,0,0
53.70,0,0,0
53.77,0,0,0
53.83,0,0,0
53.90,0,0,0
53.97,0,0,0
54.03,0,0,0
54.10,0,0,0
54.17,0,0,0
54.23,0,0,0
54.30,0,0,0
54.37,0,0,0
54.43,0,0,0
54.50,0,0,0
54.57,0,0,0
54.63,0,0,0
54.70,0,0,0
54.77,0,0,0
54.83,0,0,0
54.90,0,0,0
54.97,0,0,0
55.03,0,0,0
55.10,0,0,0
55.17,0,0,0
55.23,0,0,0
55.30,0,0,0
55.37,0,0,0
55.43,0,0,0
55.50,0,0,0
55.57,0,0,0
55.63,0,0,0
55.70,0,0,0
55.77,0,0,0
55.83,0,0,0
55.90,0,0,0
55.97,0,0,0
56.03,0,0,0
56.10,0,0,0
56.17,0,0,0
56.23,0,0,0
56.30,0,0,0
56.37,0,0,0
56.43,0,0,0
56.50,0,0,0
56.57,0,0,0
56.63,0,0,0
56.70,0,0,0
56.77,0,0,0
56.83,0,0,0
56.90,0,0,0
56.97,0,0,0
57.03,0,0,0
57.10,0,0,0
57.17,0,0,0
57.23,0,0,0
57.30,0,0,0
57.37,0,0,0
57.43,0,0,0
57.50,0,0,0
57.57,0,0,0
57.63,0,0,0
57.70,0,0,0
57.77,0,0,0
57.83,0,0,0
57.90,0,0,0
57.97,0,0,0
58.03,0,0,0
58.10,0,0,0
58.17,0,0,0
58.23,0,0,0
58.30,0,0,0
58.37,0,0,0
58.43,0,0,0
58.50,0,0,0
58.57,0,0,0
58.63,0,0,0
58.70,0,0,0
58.77,0,0,0
58.83,0,0,0
58.90,0,0,0
58.97,0,0,0
59.03,0,0,0
59.10,0,0,0
59.17,0,0,0
59.23,0,0,0
59.30,0,0,0
59.37,0,0,0
59.43,0,0,0
59.50,0,0,0
59.57,0,0,0
59.63,0,0,0
59.70,0,0,0
59.77,0,0,0
59.90,0,0,0
60.03,0,0,0
60.17,0,0,0
60.30,0,0,0
60.43,0,0,0
60.57,0,0,0
60.70,0,0,0
60.83,0,0,0
60.97,0,0,0
61.10,0,0,0
61.23,0,0,0
61.37,0,0,0
61.50,0,0,0
61.63,0,0,0
61.77,0,0,0
61.90,0,0,0
62.03,0,0,0
62.17,0,0,0
62.30,0,0,0
62.43,0,0,0
62.57,0,0,0
62.70,0,0,0
62.83,0,0,0
62.97,0,0,0
63.10,0,0,0
63.23,0,0,0
63.37,0,0,0
63.50,0,0,0
63.63,0,0,0
63.77,0,0,0
63.90,0,0,0
64.03,0,0,0
64.17,0,0,0
64.30,0,0,0
64.43,0,0,0
64.57,0,0,0
64.70,0,0,0
64.83,0,0,0
64.97,0,0,0
65.10,0,0,0
65.23,0,0,0
65.37,0,0,0
65.50,0,0,0
65.63,0,0,0
65.77,0,0,0
65.90,0,0,0
66.03,0,0,0
66.17,0,0,0
66.30,0,0,0
66.43,0,0,0
66.57,0,0,0
66.70,0,0,0
66.83,0,0,0
66.97,0,0,0
67.10,0,0,0
67.23,0,0,0
67.37,0,0,0
67.50,0,0,0
67.63,0,0,0
67.77,0,0,0
67.90,0,0,0
68.03,0,0,0
68.17,0,0,0
68.30,0,0,0
68.43,0,0,0
68.57,0,0,0
68.70,0,0,0
68.83,0,0,0
68.97,0,0,0
69.10,0,0,0
69.23,0,0,0
69.37,0,0,0
69.50,0,0,0
69.63,0,0,0
69.77,0,0,0
69.90,0,0,0
70.03,0,0,0
70.17,0,0,0
70.30,0,0,0
70.43,0,0,0
70.57,0,0,0
70.70,0,0,0
70.83,0,0,0
70.97,0,0,0
71.10,0,0,0
71.23,0,0,0
71.37,0,0,0
71.50,0,0,0
71.63,0,0,0
71.77,0,0,0
71.90,0,0,0
72.03,0,0,0
72.17,0,0,0
72.30,0,0,0
72.43,0,0,0
72.57,0,0,0
72.70,0,0,0
72.83,0,0,0
72.97,0,0,0
73.10,0,0,0
73.23,0,0,0
73.37,0,0,0
73.50,0,0,0
73.63,0,0,0
73.77,0,0,0
73.90,0,0,0
74.03,0,0,0
74.17,0,0,0
74.30,0,0,0
74.43,0,0,0
74.57,0,0,0
74.70,0,0,0
74.83,0,0,0
74.97,0,0,0
75.10,0,0,0
75.23,0,0,0
75.37,0,0,0
75.50,0,0,0
75.63,0,0,0
75.77,0,0,0
75.90,0,0,0
76.03,0,0,0
76.17,0,0,0
76.30,0,0,0
76.43,0,0,0
76.57,0,0,0
76.70,0,0,0
76.83,0,0,0
76.97,0,0,0
77.10,0,0,0
77.23,0,0,0
77.37,0,0,0
77.50,0,0,0
77.63,0,0,0
77.77,0,0,0
77.90,0,0,0
78.03,0,0,0
78.17,0,0,0
78.30,0,0,0
78.43,0,0,0
78.57,0,0,0
78.70,0,0,0
78.83,0,0,0
78.97,0,0,0
79.10,0,0,0
79.23,0,0,0
79.37,0,0,0
79.50,0,0,0
79.63,0,0,0
79.77,0,0,0
79.90,0,0,0
80.03,0,0,0
80.17,0,0,0
80.30,0,0,0
80.43,0,0,0
80.57,0,0,0
80.70,0,0,0
80.83,0,0,0
80.97,0,0,0
81.10,0,0,0
81.23,0,0,0
81.37,0,0,0
81.50,0,0,0
81.63,0,0,0
81.77,0,0,0
81.90,0,0,0
82.03,0,0,0
82.17,0,0,0
82.30,0,0,0
82.43,0,0,0
82.53,0,0,0
82.60,0,0,0
82.67,0,0,0
82.73,0,0,0
82.80,0,0,0
82.87,0,0,0
82.93,0,0,0
83.00,0,0,0
83.07,0,0,0
83.13,0,0,0
83.20,0,0,0
83.27,0,0,0
83.33,0,0,0
83.40,0,0,0
83.47,0,0,0
83.53,0,0,0
83.60,0,0,0
83.67,0,0,0
83.73,0,0,0
83.80,0,0,0
83.87,0,0,0
83.93,0,0,0
84.00,0,0,0
84.07,0,0,0
84.13,0,0,0
84.20,0,0,0
84.27,0,0,0
84.33,0,0,0
84.40,0,0,0
84.47,0,0,0
84.53,0,0,0
84.60,0,0,0
84.67,0,0,0
84.73,0,0,0
84.80,0,0,0
84.87,0,0,0
84.93,0,0,0
85.00,0,0,0
85.07,0,0,0
85.13,0,0,0
85.20,0,0,0
85.27,0,0,0
85.33,0,0,0
85.40,0,0,0
85.47,0,0,0
85.53,0,0,0
85.60,0,0,0
85.67,0,0,0
85.73,0,0,0
85.80,0,0,0
85.87,0,0,0
85.93,0,0,0
86.00,0,0,0
86.07,0,0,0
86.13,0,0,0
86.20,0,0,0
86.27,0,0,0
86.33,0,0,0
86.40,0,0,0
86.47,0,0,0
86.60,0,0,0
86.73,0,0,0
86.87,0,0,0
87.00,0,0,0
87.13,0,0,0
87.27,0,0,0
87.40,0,0,0
87.53,0,0,0
87.67,0,0,0
87.80,0,0,0
87.93,0,0,0
88.07,0,0,0
88.20,0,0,0
88.33,0,0,0
88.47,0,0,0
88.60,0,0,0
88.73,0,0,0
88.87,0,0,0
89.00,0,0,0
89.13,0,0,0
89.27,0,0,0
89.40,0,0,0
89.53,0,0,0
89.67,0,0,0
89.80,0,0,0
89.93,0,0,0
90.07,0,0,0
90.20,0,0,0
90.33,0,0,0
90.47,0,0,0
90.60,0,0,0
90.73,0,0,0
90.87,0,0,0
91.00,0,0,0
91.13,0,0,0
91.27,0,0,0
91.40,0,0,0
91.53,0,0,0
91.67,0,0,0
91.80,0,0,0
91.93,0,0,0
92.07,0,0,0
92.20,0,0,0
92.33,0,0,0
92.47,0,0,0
92.60,0,0,0
92.73,0,0,0
92.87,0,0,0
93.00,0,0,0
93.13,0,0,0
93.27,0,0,0
93.40,0,0,0
93.53,0,0,0
93.67,0,0,0
93.80,0,0,0
93.93,0,0,0
94.07,0,0,0
94.20,0,0,0
94.33,0,0,0
94.47,0,0,0
94.60,0,0,0
94.73,0,0,0
94.87,0,0,0
95.00,0,0,0
95.13,0,0,0
95.27,0,0,0
95.40,0,0,0
95.53,0,0,0
95.67,0,0,0
95.80,0,0,0
95.93,0,0,0
96.07,0,0,0
96.20,0,0,0
96.33,0,0,0
96.47,0,0,0
96.60,0,0,0
96.73,0,0,0
96.87,0,0,0
97.00,0,0,0
97.13,0,0,0
97.27,0,0,0
97.40,0,0,0
97.53,0,0,0
97.67,0,0,0
97.80,0,0,0
97.93,0,0,0
98.07,0,0,0
98.20,0,0,0
98.33,0,0,0
98.47,0,0,0
98.60,0,0,0
98.73,0,0,0
98.87,0,0,0
99.00,0,0,0
99.13,0,0,0
99.27,0,0,0
99.40,0,0,0
99.53,0,0,0
99.67,0,0,0
99.80,0,0,0
99.93,0,0,0
100.07,0,0,0
100.20,0,0,0
100.33,0,0,0
100.47,0,0,0
100.60,0,0,0
100.73,0,0,0
100.87,0,0,0
101.00,0,0,0
101.13,0,0,0
101.27,0,0,0
101.40,0,0,0
101.53,0,0,0
101.67,0,0,0
101.80,0,0,0
101.93,0,0,0
102.07,0,0,0
102.20,0,0,0
102.33,0,0,0
102.47,0,0,0
102.60,0,0,0
102.73,0,0,0
102.87,0,0,0
103.00,0,0,0
103.13,0,0,0
103.27,0,0,0
103.40,0,0,0
103.53,0,0,0
103.67,0,0,0
103.80,0,0,0
103.93,0,0,0
104.07,0,0,0
104.20,0,0,0
104.33,0,0,0
104.47,0,0,0
104.60,0,0,0
104.73,0,0,0
104.87,0,0,0
105.00,0,0,0
105.13,0,0,0
105.27,0,0,0
105.40,0,0,0
105.53,0,0,0
105.67,0,0,0
105.80,0,0,0
105.93,0,0,0
106.07,0,0,0
106.20,0,0,0
106.33,0,0,0
106.47,0,0,0
106.60,0,0,0
106.73,0,0,0
106.87,0,0,0
107.00,0,0,0
107.13,0,0,0
107.27,0,0,0
107.40,0,0,0
107.53,0,0,0
107.67,0,0,0
107.80,0,0,0
107.93,0,0,0
108.07,0,0,0
108.20,0,0,0
108.33,0,0,0
108.47,0,0,0
108.60,0,0,0
108.73,0,0,0
108.87,0,0,0
109.00,0,0,0
109.13,0,0,0
109.27,0,0,0
109.40,0,0,0
109.53,0,0,0
109.67,0,0,0
109.80,0,0,0
109.93,0,0,0
110.07,0,0,0
110.20,0,0,0
110.33,0,0,0
110.47,0,0,0
110.60,0,0,0
110.73,0,0,0
110.87,0,0,0
111.00,0,0,0
111.13,0,0,0
111.27,0,0,0
111.40,0,0,0
111.53,0,0,0
111.67,0,0,0
111.80,0,0,0
111.93,0,0,0
112.07,0,0,0
112.20,0,0,0
112.33,0,0,0
112.47,0,0,0
112.60,0,0,0
112.73,0,0,0
112.87,0,0,0
113.00,0,0,0
113.13,0,0,0
113.27,0,0,0
113.40,0,0,0
113.53,0,0,0
113.67,0,0,0
113.80,0,0,0
113.93,0,0,0
114.07,0,0,0
114.20,0,0,0
114.33,0,0,0
114.47,0,0,0
114.60,0,0,0
114.73,0,0,0
114.87,0,0,0
115.00,0,0,0
115.13,0,0,0
115.27,0,0,0
115.40,0,0,0
115.53,0,0,0
115.67,0,0,0
115.80,0,0,0
115.93,0,0,0
116.07,0,0,0
116.20,0,0,0
116.33,0,0,0
116.47,0,0,0
116.60,0,0,0
116.73,0,0,0
116.87,0,0,0
117.00,0,0,0
117.13,0,0,0
117.27,0,0,0
117.40,0,0,0
117.53,0,0,0
117.67,0,0,0
117.80,0,0,0
117.93,0,0,0
118.07,0,0,0
118.20,0,0,0
118.33,0,0,0
118.47,0,0,0
118.60,0,0,0
118.73,0,0,0
118.87,0,0,0
119.00,0,0,0
119.13,0,0,0
119.27,0,0,0
119.40,0,0,0
119.53,0,0,0
119.67,0,0,0
119.80,0,0,0
119.93,0,0,0
120.07,0,0,0
120.20,0,0,0
120.33,0,0,0
120.47,0,0,0
120.60,0,0,0
120.73,0,0,0
120.87,0,0,0
121.00,0,0,0
121.13,0,0,0
121.27,0,0,0
121.40,0,0,0
121.53,0,0,0
121.67,0,0,0
121.80,0,0,0
121.93,0,0,0
122.07,0,0,0
122.20,0,0,0
122.33,0,0,0
122.47,0,0,0
122.60,0,0,0
122.73,0,0,0
122.87,0,0,0
123.00,0,0,0
123.13,0,0,0
123.27,0,0,0
123.40,0,0,0
123.53,0,0,0
123.67,0,0,0
123.80,0,0,0
123.93,0,0,0
124.07,0,0,0
124.20,0,0,0
124.33,0,0,0
124.47,0,0,0
124.60,0,0,0
124.73,0,0,0
124.87,0,0,0
125.00,0,0,0
125.13,0,0,0
125.27,0,0,0
125.40,0,0,0
125.53,0,0,0
125.67,0,0,0
125.80,0,0,0
125.93,0,0,0
126.07,0,0,0
126.20,0,0,0
126.33,0,0,0
126.47,0,0,0
126.60,0,0,0
126.73,0,0,0
126.87,0,0,0
127.00,0,0,0
127.13,0,0,0
127.27,0,0,0
127.40,0,0,0
127.53,0,0,0
127.67,0,0,0
127.80,0,0,0
127.93,0,0,0
128.07,0,0,0
128.20,0,0,0
128.33,0,0,0
128.47,0,0,0
128.60,0,0,0
128.73,0,0,0
128.87,0,0,0
129.00,0,0,0
129.13,0,0,0
129.27,0,0,0
129.40,0,0,0
129.53,0,0,0
129.67,0,0,0
129.80,0,0,0
129.93,0,0,0
130.07,0,0,0
130.20,0,0,0
130.33,0,0,0
130.47,0,0,0
130.60,0,0,0
130.73,0,0,0
130.87,0,0,0
131.00,0,0,0
131.13,0,0,0
131.27,0,0,0
131.40,0,0,0
131.53,0,0,0
131.67,0,0,0
131.80,0,0,0
131.93,0,0,0
132.07,0,0,0
132.20,0,0,0
132.33,0,0,0
132.47,0,0,0
132.60,0,0,0
132.73,0,0,0
132.87,0,0,0
133.00,0,0,0
133.13,0,0,0
133.27,0,0,0
133.40,0,0,0
133.53,0,0,0
133.67,0,0,0
133.80,0,0,0
133.93,0,0,0
134.07,0,0,0
134.20,0,0,0
134.33,0,0,0
134.47,0,0,0
134.60,0,0,0
134.73,0,0,0
134.87,0,0,0
135.00,0,0,0
135.13,0,0,0
135.27,0,0,0
135.40,0,0,0
135.53,0,0,0
135.67,0,0,0
135.80,0,0,0
135.93,0,0,0
136.07,0,0,0
136.20,0,0,0
136.33,0,0,0
136.47,0,0,0
136.60,0,0,0
136.73,0,0,0
136.87,0,0,0
137.00,0,0,0
137.13,0,0,0
137.27,0,0,0
137.40,0,0,0
137.53,0,0,0
137.67,0,0,0
137.80,0,0,0
137.93,0,0,0
138.07,0,0,0
138.20,0,0,0
138.33,0,0,0
138.47,0,0,0
138.60,0,0,0
138.73,0,0,0
138.87,0,0,0
139.00,0,0,0
139.13,0,0,0
139.27,0,0,0
139.40,0,0,0
139.53,0,0,0
139.67,0,0,0
139.80,0,0,0
139.93,0,0,0
140.07,0,0,0
140.20,0,0,0
140.33,0,0,0
140.47,0,0,0
140.60,0,0,0
140.73,0,0,0
140.87,0,0,0
141.00,0,0,0
141.13,0,0,0
141.27,0,0,0
141.40,0,0,0
141.53,0,0,0
141.67,0,0,0
141.80,0,0,0
141.90,0,0,0
141.97,0,0,0
142.03,0,0,0
142.10,0,0,0
142.17,0,0,0
142.23,0,0,0
142.30,0,0,0
142.37,0,0,0
142.43,0,0,0
142.50,0,0,0
142.57,0,0,0
142.63,0,0,0
142.70,0,0,0
142.77,0,0,0
142.83,0,0,0
142.90,0,0,0
142.97,0,0,0
143.03,0,0,0
143.10,0,0,0
143.17,0,0,0
143.23,0,0,0
143.30,0,0,0
143.37,0,0,0
143.43,0,0,0
143.50,0,0,0
143.57,0,0,0
143.63,0,0,0
143.70,0,0,0
143.77,0,0,0
143.83,0,0,0
143.90,0,0,0
143.97,0,0,0
144.03,0,0,0
144.10,0,0,0
144.17,0,0,0
144.23,0,0,0
144.30,0,0,0
144.37,0,0,0
144.43,0,0,0
144.50,0,0,0
144.57,0,0,0
144.63,0,0,0
144.70,0,0,0
144.77,0,0,0
144.83,0,0,0
144.90,0,0,0
144.97,0,0,0
145.03,0,0,0
145.10,0,0,0
145.17,0,0,0
145.23,0,0,0
145.30,0,0,0
145.37,0,0,0
145.43,0,0,0
145.50,0,0,0
145.57,0,0,0
145.63,0,0,0
145.70,0,0,0
145.77,0,0,0
145.83,0,0,0
145.90,0,0,0
145.97,0,0,0
146.03,0,0,0
146.10,0,0,0
146.17,0,0,0
146.23,0,0,0
146.30,0,0,0
146.37,0,0,0
146.43,0,0,0
146.50,0,0,0
146.57,0,0,0
146.63,0,0,0
146.70,0,0,0
146.77,0,0,0
146.83,0,0,0
146.90,0,0,0
146.97,0,0,0
147.03,0,0,0
147.10,0,0,0
147.17,0,0,0
147.23,0,0,0
147.30,0,0,0
147.37,0,0,0
147.43,0,0,0
147.50,0,0,0
147.57,0,0,0
147.63,0,0,0
147.70,0,0,0
147.77,0,0,0
147.83,0,0,0
147.90,0,0,0
147.97,0,0,0
148.03,0,0,0
148.10,0,0,0
148.17,0,0,0
148.23,0,0,0
148.30,0,0,0
148.37,0,0,0
148.43,0,0,0
148.50,0,0,0
148.57,0,0,0
148.63,0,0,0
148.70,0,0,0
148.77,0,0,0
148.83,0,0,0
148.90,0,0,0
148.97,0,0,0
149.03,0,0,0
149.10,0,0,0
149.17,0,0,0
149.23,0,0,0
149.30,0,0,0
149.37,0,0,0
149.43,0,0,0
149.50,0,0,0
149.57,0,0,0
149.63,0,0,0
149.70,0,0,0
149.77,0,0,0
149.83,0,0,0
149.90,0,0,0
149.97,0,0,0
150.07,0,0,0
150.20,0,0,0
150.33,0,0,0
150.47,0,0,0
150.60,0,0,0
150.73,0,0,0
150.87,0,0,0
151.00,0,0,0
151.13,0,0,0
151.27,0,0,0
151.40,0,0,0
151.53,0,0,0
151.67,0,0,0
151.80,0,0,0
151.93,0,0,0
152.07,0,0,0
152.20,0,0,0
152.33,0,0,0
152.47,0,0,0
152.60,0,0,0
152.73,0,0,0
152.87,0,0,0
153.00,0,0,0
153.13,0,0,0
153.27,0,0,0
153.40,0,0,0
153.53,0,0,0
153.67,0,0,0
153.80,0,0,0
153.93,0,0,0
154.07,0,0,0
154.20,0,0,0
154.33,0,0,0
154.47,0,0,0
154.60,0,0,0
154.73,0,0,0
154.87,0,0,0
155.00,0,0,0
155.13,0,0,0
155.27,0,0,0
155.40,0,0,0
155.53,0,0,0
155.67,0,0,0
155.80,0,0,0
155.93,0,0,0
156.07,0,0,0
156.20,0,0,0
156.33,0,0,0
156.47,0,0,0
156.60,0,0,0
156.73,0,0,0
156.87,0,0,0
157.00,0,0,0
157.13,0,0,0
157.27,0,0,0
157.40,0,0,0
157.53,0,0,0
157.67,0,0,0
157.80,0,0,0
157.93,0,0,0
158.07,0,0,0
158.20,0,0,0
158.33,0,0,0
158.47,0,0,0
158.60,0,0,0
158.73,0,0,0
158.87,0,0,0
159.00,0,0,0
159.13,0,0,0
159.27,0,0,0
159.40,0,0,0
159.53,0,0,0
159.67,0,0,0
159.80,0,0,0
159.93,0,0,0
160.07,0,0,0
160.20,0,0,0
160.33,0,0,0
160.47,0,0,0
160.60,0,0,0
160.73,0,0,0
160.87,0,0,0
161.00,0,0,0
161.13,0,0,0
161.27,0,0,0
161.40,0,0,0
161.53,0,0,0
161.67,0,0,0
161.80,0,0,0
161.93,0,0,0
162.07,0,0,0
162.20,0,0,0
162.33,0,0,0
162.47,0,0,0
162.60,0,0,0
162.73,0,0,0
162.87,0,0,0
163.00,0,0,0
163.13,0,0,0
163.27,0,0,0
163.40,0,0,0
163.53,0,0,0
163.67,0,0,0
163.80,0,0,0
163.93,0,0,0
164.07,0,0,0
164.20,0,0,0
164.33,0,0,0
164.47,0,0,0
164.60,0,0,0
164.73,0,0,0
164.87,0,0,0
165.00,0,0,0
165.13,0,0,0
165.27,0,0,0
165.40,0,0,0
165.53,0,0,0
165.67,0,0,0
165.80,0,0,0
165.93,0,0,0
166.07,0,0,0
166.20,0,0,0
166.33,0,0,0
166.40,0,0,0
166.47,0,0,0
166.53,0,0,0
166.60,0,0,0
166.67,0,0,0
166.73,0,0,0
166.80,0,0,0
166.87,0,0,0
166.93,0,0,0
167.00,0,0,0
167.07,0,0,0
167.13,0,0,0
167.20,0,0,0
167.27,0,0,0
167.33,0,0,0
167.40,0,0,0
167.47,0,0,0
167.53,0,0,0
167.60,0,0,0
167.67,0,0,0
167.73,0,0,0
167.80,0,0,0
167.87,0,0,0
167.93,0,0,0
168.00,0,0,0
168.07,0,0,0
168.13,0,0,0
168.20,0,0,0
168.27,0,0,0
168.33,0,0,0
168.40,0,0,0
168.47,0,0,0
168.53,0,0,0
168.60,0,0,0
168.67,0,0,0
168.73,0,0,0
168.80,0,0,0
168.87,0,0,0
168.93,0,0,0
169.00,0,0,0
169.07,0,0,0
169.13,0,0,0
169.20,0,0,0
169.27,0,0,0
169.33,0,0,0
169.40,0,0,0
169.47,0,0,0
169.53,0,0,0
169.60,0,0,0
169.67,0,0,0
169.73,0,0,0
169.80,0,0,0
169.87,0,0,0
169.93,0,0,0
170.00,0,0,0
170.07,0,0,0
170.13,0,0,0
170.20,0,0,0
170.27,0,0,0
170.33,0,0,0
170.40,0,0,0
170.47,0,0,0
170.53,0,0,0
170.60,0,0,0
170.67,0,0,0
170.73,0,0,0
170.80,0,0,0
170.87,0,0,0
170.93,0,0,0
171.00,0,0,0
171.07,0,0,0
171.13,0,0,0
171.20,0,0,0
171.27,0,0,0
171.33,0,0,0
171.40,0,0,0
171.47,0,0,0
171.53,0,0,0
171.60,0,0,0
171.67,0,0,0
171.73,0,0,0
171.80,0,0,0
171.87,0,0,0
171.93,0,0,0
172.00,0,0,0
172.07,0,0,0
172.13,0,0,0
172.20,0,0,0
172.27,0,0,0
172.33,0,0,0
172.40,0,0,0
172.47,0,0,0
172.53,0,0,0
172.60,0,0,0
172.67,0,0,0
172.73,0,0,0
172.80,0,0,0
172.87,0,0,0
172.93,0,0,0
173.00,0,0,0
173.07,0,0,0
173.13,0,0,0
173.20,0,0,0
173.27,0,0,0
173.33,0,0,0
173.40,0,0,0
173.47,0,0,0
173.53,0,0,0
173.60,0,0,0
173.67,0,0,0
173.73,0,0,0
173.80,0,0,0
173.87,0,0,0
173.93,0,0,0
174.00,0,0,0
174.07,0,0,0
174.13,0,0,0
174.20,0,0,0
174.27,0,0,0
174.33,0,0,0
174.40,0,0,0
174.47,0,0,0
174.53,0,0,0
174.60,0,0,0
174.67,0,0,0
174.73,0,0,0
174.80,0,0,0
174.87,0,0,0
174.93,0,0,0
175.00,0,0,0
175.07,0,0,0
175.13,0,0,0
175.20,0,0,0
175.27,0,0,0
175.33,0,0,0
175.40,0,0,0
175.47,0,0,0
175.53,0,0,0
175.60,0,0,0
175.67,0,0,0
175.73,0,0,0
175.80,0,0,0
175.87,0,0,0
175.93,0,0,0
176.00,0,0,0
176.07,0,0,0
176.13,0,0,0
176.20,0,0,0
176.27,0,0,0
176.33,0,0,0
176.40,0,0,0
176.47,0,0,0
176.53,0,0,0
176.60,0,0,0
176.67,0,0,0
176.73,0,0,0
176.80,0,0,0
176.87,0,0,0
176.93,0,0,0
177.00,0,0,0
177.07,0,0,0
177.13,0,0,0
177.20,0,0,0
177.27,0,0,0
177.33,0,0,0
177.40,0,0,0
177.47,0,0,0
177.53,0,0,0
177.60,0,0,0
177.67,0,0,0
177.73,0,0,0
177.80,0,0,0
177.87,0,0,0
177.93,0,0,0
178.00,0,0,0
178.07,0,0,0
178.13,0,0,0
178.20,0,0,0
178.27,0,0,0
178.33,0,0,0
178.40,0,0,0
178.47,0,0,0
178.53,0,0,0
178.60,0,0,0
178.67,0,0,0
178.73,0,0,0
178.80,0,0,0
178.87,0,0,0
178.93,0,0,0
179.00,0,0,0
179.07,0,0,0
179.13,0,0,0
179.20,0,0,0
179.27,0,0,0
179.33,0,0,0
179.40,0,0,0
179.47,0,0,0
179.53,0,0,0
179.60,0,0,0
179.67,0,0,0
179.73,0,0,0
179.80,0,0,0
179.87,0,0,0
179.93,0,0,0
180.00,0,0,0
180.07,0,0,0
180.13,0,0,0
180.20,0,0,0
180.27,0,0,0
180.33,0,0,0
180.40,0,0,0
180.47,0,0,0
180.53,0,0,0
180.60,0,0,0
180.67,0,0,0
180.73,0,0,0
180.80,0,0,0
180.87,0,0,0
180.93,0,0,0
181.00,0,0,0
181.07,0,0,0
181.13,0,0,0
181.20,0,0,0
181.27,0,0,0
181.33,0,0,0
181.40,0,0,0
181.47,0,0,0
181.53,0,0,0
181.60,0,0,0
181.67,0,0,0
181.73,0,0,0
181.80,0,0,0
181.87,0,0,0
181.93,0,0,0
182.00,0,0,0
182.07,0,0,0
182.13,0,0,0
182.20,0,0,0
182.27,0,0,0
182.33,0,0,0
182.40,0,0,0
182.47,0,0,0
182.53,0,0,0
182.60,0,0,0
182.67,0,0,0
182.73,0,0,0
182.80,0,0,0
182.87,0,0,0
182.93,0,0,0
183.00,0,0,0
183.07,0,0,0
183.13,0,0,0
183.20,0,0,0
183.27,0,0,0
183.33,0,0,0
183.40,0,0,0
183.47,0,0,0
183.53,0,0,0
183.60,0,0,0
183.67,0,0,0
183.73,0,0,0
183.80,0,0,0
183.87,0,0,0
183.93,0,0,0
184.00,0,0,0
184.07,0,0,0
184.13,0,0,0
184.20,0,0,0
184.27,0,0,0
184.33,0,0,0
184.40,0,0,0
184.47,0,0,0
184.53,0,0,0
184.60,0,0,0
184.67,0,0,0
184.73,0,0,0
184.80,0,0,0
184.87,0,0,0
184.93,0,0,0
185.00,0,0,0
185.07,0,0,0
185.13,0,0,0
185.20,0,0,0
185.27,0,0,0
185.33,0,0,0
185.40,0,0,0
185.47,0,0,0
185.53,0,0,0
185.60,0,0,0
185.67,0,0,0
185.73,0,0,0
185.80,0,0,0
185.87,0,0,0
185.93,0,0,0
186.00,0,0,0
186.07,0,0,0
186.13,0,0,0
186.20,0,0,0
186.27,0,0,0
186.33,0,0,0
186.40,0,0,0
186.47,0,0,0
186.53,0,0,0
186.60,0,0,0
186.67,0,0,0
186.73,0,0,0
186.80,0,0,0
186.87,0,0,0
186.93,0,0,0
187.00,0,0,0
187.07,0,0,0
187.13,0,0,0
187.20,0,0,0
187.27,0,0,0
187.33,0,0,0
187.40,0,0,0
187.47,0,0,0
187.53,0,0,0
187.60,0,0,0
187.67,0,0,0
187.73,0,0,0
187.80,0,0,0
187.87,0,0,0
187.93,0,0,0
188.00,0,0,0
188.07,0,0,0
188.13,0,0,0
188.20,0,0,0
188.27,0,0,0
188.33,0,0,0
188.40,0,0,0
188.47,0,0,0
188.53,0,0,0
188.60,0,0,0
188.67,0,0,0
188.73,0,0,0
188.80,0,0,0
188.87,0,0,0
188.93,0,0,0
189.00,0,0,0
189.07,0,0,0
189.13,0,0,0
189.20,0,0,0
189.27,0,0,0
189.33,0,0,0
189.40,0,0,0
189.47,0,0,0
189.53,0,0,0
189.60,0,0,0
189.67,0,0,0
189.73,0,0,0
189.80,0,0,0
189.87,0,0,0
189.93,0,0,0
190.00,0,0,0
190.07,0,0,0
190.13,0,0,0
190.20,0,0,0
190.27,0,0,0
190.33,0,0,0
190.40,0,0,0
190.47,0,0,0
190.53,0,0,0
190.60,0,0,0
190.67,0,0,0
190.73,0,0,0
190.80,0,0,0
190.87,0,0,0
190.93,0,0,0
191.00,0,0,0
191.07,0,0,0
191.13,0,0,0
191.20,0,0,0
191.27,0,0,0
191.33,0,0,0
191.40,0,0,0
191.47,0,0,0
191.53,0,0,0
191.60,0,0,0
191.67,0,0,0
191.73,0,0,0
191.80,0,0,0
191.87,0,0,0
191.93,0,0,0
192.00,0,0,0
192.07,0,0,0
192.13,0,0,0
192.27,0,0,0
192.40,0,0,0
192.53,0,0,0
192.67,0,0,0
192.80,0,0,0
192.93,0,0,0
193.07,0,0,0
193.20,0,0,0
193.33,0,0,0
193.47,0,0,0
193.60,0,0,0
193.73,0,0,0
193.87,0,0,0
194.00,0,0,0
194.13,0,0,0
194.27,0,0,0
194.40,0,0,0
194.53,0,0,0
194.67,0,0,0
194.80,0,0,0
194.93,0,0,0
195.07,0,0,0
195.20,0,0,0
195.33,0,0,0
195.47,0,0,0
195.60,0,0,0
195.73,0,0,0
195.87,0,0,0
196.00,0,0,0
196.13,0,0,0
196.27,0,0,0
196.40,0,0,0
196.53,0,0,0
196.67,0,0,0
196.80,0,0,0
196.93,0,0,0
197.07,0,0,0
197.20,0,0,0
197.33,0,0,0
197.47,0,0,0
197.60,0,0,0
197.73,0,0,0
197.87,0,0,0
198.00,0,0,0
198.13,0,0,0
198.27,0,0,0
198.40,0,0,0
198.53,0,0,0
198.67,0,0,0
198.80,0,0,0
198.93,0,0,0
199.07,0,0,0
199.20,0,0,0
199.33,0,0,0
199.47,0,0,0
199.60,0,0,0
199.73,0,0,0
199.87,0,0,0
200.00,0,0,0
200.13,0,0,0
200.27,0,0,0
200.40,0,0,0
200.53,0,0,0
200.63,0,0,0
200.70,0,0,0
200.77,0,0,0
200.83,0,0,0
200.90,0,0,0
200.97,0,0,0
201.03,0,0,0
201.10,0,0,0
201.17,0,0,0
201.23,0,0,0
201.30,0,0,0
201.37,0,0,0
201.43,0,0,0
201.50,0,0,0
201.57,0,0,0
201.63,0,0,0
201.70,0,0,0
201.77,0,0,0
201.83,0,0,0
201.90,0,0,0
201.97,0,0,0
202.03,0,0,0
202.10,0,0,0
202.17,0,0,0
202.23,0,0,0
202.30,0,0,0
202.37,0,0,0
202.43,0,0,0
202.50,0,0,0
202.57,0,0,0
202.63,0,0,0
202.70,0,0,0
202.77,0,0,0
202.83,0,0,0
202.90,0,0,0
202.97,0,0,0
203.03,0,0,0
203.10,0,0,0
203.17,0,0,0
203.23,0,0,0
203.30,0,0,0
203.37,0,0,0
203.43,0,0,0
203.50,0,0,0
203.57,0,0,0
203.63,0,0,0
203.70,0,0,0
203.77,0,0,0
203.83,0,0,0
203.90,0,0,0
203.97,0,0,0
204.03,0,0,0
204.10,0,0,0
204.17,0,0,0
204.23,0,0,0
204.30,0,0,0
204.37,0,0,0
204.43,0,0,0
204.50,0,0,0
204.57,0,0,0
204.63,0,0,0
204.70,0,0,0
204.77,0,0,0
204.83,0,0,0
204.90,0,0,0
204.97,0,0,0
205.03,0,0,0
205.10,0,0,0
205.17,0,0,0
205.23,0,0,0
205.30,0,0,0
205.37,0,0,0
205.43,0,0,0
205.50,0,0,0
205.57,0,0,0
205.63,0,0,0
205.70,0,0,0
205.77,0,0,0
205.83,0,0,0
205.90,0,0,0
205.97,0,0,0
206.03,0,0,0
206.10,0,0,0
206.17,0,0,0
206.23,0,0,0
206.30,0,0,0
206.37,0,0,0
206.43,0,0,0
206.50,0,0,0
206.57,0,0,0
206.63,0,0,0
206.70,0,0,0
206.77,0,0,0
206.83,0,0,0
206.90,0,0,0
206.97,0,0,0
207.03,0,0,0
207.10,0,0,0
207.17,0,0,0
207.23,0,0,0
207.30,0,0,0
207.37,0,0,0
207.43,0,0,0
207.50,0,0,0
207.57,0,0,0
207.63,0,0,0
207.70,0,0,0
207.77,0,0,0
207.83,0,0,0
207.90,0,0,0
207.97,0,0,0
208.03,0,0,0
208.10,0,0,0
208.17,0,0,0
208.23,0,0,0
208.37,0,0,0
208.50,0,0,0
208.63,0,0,0
208.77,0,0,0
208.90,0,0,0
209.03,0,0,0
209.17,0,0,0
209.30,0,0,0
209.43,0,0,0
209.57,0,0,0
209.70,0,0,0
209.83,0,0,0
209.97,0,0,0
210.10,0,0,0
210.23,0,0,0
210.37,0,0,0
210.50,0,0,0
210.63,0,0,0
210.77,0,0,0
210.90,0,0,0
211.03,0,0,0
211.17,0,0,0
211.30,0,0,0
211.43,0,0,0
211.57,0,0,0
211.70,0,0,0
211.83,0,0,0
211.97,0,0,0
212.10,0,0,0
212.23,0,0,0
212.37,0,0,0
212.50,0,0,0
212.63,0,0,0
212.77,0,0,0
212.90,0,0,0
213.03,0,0,0
213.17,0,0,0
213.30,0,0,0
213.43,0,0,0
213.57,0,0,0
213.70,0,0,0
213.83,0,0,0
213.97,0,0,0
214.10,0,0,0
214.23,0,0,0
214.37,0,0,0
214.50,0,0,0
214.63,0,0,0
214.77,0,0,0
214.90,0,0,0
215.03,0,0,0
215.17,0,0,0
215.30,0,0,0
215.43,0,0,0
215.57,0,0,0
215.70,0,0,0
215.83,0,0,0
215.97,0,0,0
216.10,0,0,0
216.23,0,0,0
216.37,0,0,0
216.50,0,0,0
216.63,0,0,0
216.77,0,0,0
216.90,0,0,0
217.03,0,0,0
217.17,0,0,0
217.30,0,0,0
217.43,0,0,0
217.57,0,0,0
217.70,0,0,0
217.83,0,0,0
217.97,0,0,0
218.10,0,0,0
218.23,0,0,0
218.37,0,0,0
218.50,0,0,0
218.63,0,0,0
218.77,0,0,0
218.90,0,0,0
219.03,0,0,0
219.17,0,0,0
219.30,0,0,0
219.43,0,0,0
219.57,0,0,0
219.70,0,0,0
219.83,0,0,0
219.97,0,0,0
220.10,0,0,0
220.23,0,0,0
220.37,0,0,0
220.50,0,0,0
220.63,0,0,0
220.77,0,0,0
220.90,0,0,0
221.03,0,0,0
221.17,0,0,0
221.30,0,0,0
221.43,0,0,0
221.57,0,0,0
221.70,0,0,0
221.83,0,0,0
221.97,0,0,0
222.10,0,0,0
222.23,0,0,0
222.37,0,0,0
222.50,0,0,0
222.63,0,0,0
222.77,0,0,0
222.90,0,0,0
223.03,0,0,0
223.17,0,0,0
223.30,0,0,0
223.43,0,0,0
223.57,0,0,0
223.70,0,0,0
223.83,0,0,0
223.97,0,0,0
224.10,0,0,0
224.23,0,0,0
224.37,0,0,0
224.50,0,0,0
224.63,0,0,0
224.77,0,0,0
224.90,0,0,0
225.03,0,0,0
225.17,0,0,0
225.30,0,0,0
225.43,0,0,0
225.57,0,0,0
225.70,0,0,0
225.83,0,0,0
225.97,0,0,0
226.10,0,0,0
226.23,0,0,0
226.37,0,0,0
226.50,0,0,0
226.63,0,0,0
226.77,0,0,0
226.90,0,0,0
227.03,0,0,0
227.17,0,0,0
227.30,0,0,0
227.43,0,0,0
227.57,0,0,0
227.70,0,0,0
227.83,0,0,0
227.97,0,0,0
228.10,0,0,0
228.23,0,0,0
228.37,0,0,0
228.50,0,0,0
228.63,0,0,0
228.77,0,0,0
228.90,0,0,0
229.03,0,0,0
229.17,0,0,0
229.30,0,0,0
229.43,0,0,0
229.57,0,0,0
229.70,0,0,0
229.83,0,0,0
229.97,0,0,0
230.10,0,0,0
230.23,0,0,0
230.37,0,0,0
230.50,0,0,0
230.63,0,0,0
230.77,0,0,0
230.90,0,0,0
231.03,0,0,0
231.17,0,0,0
231.30,0,0,0
231.43,0,0,0
231.57,0,0,0
231.70,0,0,0
231.83,0,0,0
231.97,0,0,0
232.10,0,0,0
232.23,0,0,0
232.37,0,0,0
232.50,0,0,0
232.63,0,0,0
232.77,0,0,0
232.90,0,0,0
233.03,0,0,0
233.17,0,0,0
233.30,0,0,0
233.43,0,0,0
233.57,0,0,0
233.70,0,0,0
233.83,0,0,0
233.97,0,0,0
234.10,0,0,0
234.23,0,0,0
234.37,0,0,0
234.50,0,0,0
234.63,0,0,0
234.77,0,0,0
234.90,0,0,0
235.03,0,0,0
235.17,0,0,0
235.30,0,0,0
235.43,0,0,0
235.57,0,0,0
235.70,0,0,0
235.83,0,0,0
235.97,0,0,0
236.07,0,0,0
236.13,0,0,0
236.20,0,0,0
236.27,0,0,0
236.33,0,0,0
236.40,0,0,0
236.47,0,0,0
236.53,0,0,0
236.60,0,0,0
236.67,0,0,0
236.73,0,0,0
236.80,0,0,0
236.87,0,0,0
236.93,0,0,0
237.00,0,0,0
237.07,0,0,0
237.13,0,0,0
237.20,0,0,0
237.27,0,0,0
237.33,0,0,0
237.40,0,0,0
237.47,0,0,0
237.53,0,0,0
237.60,0,0,0
237.67,0,0,0
237.73,0,0,0
237.80,0,0,0
237.87,0,0,0
237.93,0,0,0
238.00,0,0,0
238.07,0,0,0
238.13,0,0,0
238.20,0,0,0
238.27,0,0,0
238.33,0,0,0
238.40,0,0,0
238.47,0,0,0
238.53,0,0,0
238.60,0,0,0
238.67,0,0,0
238.73,0,0,0
238.80,0,0,0
238.87,0,0,0
238.93,0,0,0
239.00,0,0,0
239.07,0,0,0
239.13,0,0,0
239.20,0,0,0
239.27,0,0,0
239.33,0,0,0
239.40,0,0,0
239.47,0,0,0
239.53,0,0,0
239.60,0,0,0
239.67,0,0,0
239.73,0,0,0
239.80,0,0,0
239.90,0,0,0
240.03,0,0,0
240.17,0,0,0
240.30,0,0,0
240.43,0,0,0
240.57,0,0,0
240.70,0,0,0
240.83,0,0,0
240.97,0,0,0
241.10,0,0,0
241.23,0,0,0
241.37,0,0,0
241.50,0,0,0
241.63,0,0,0
241.77,0,0,0
241.90,0,0,0
242.03,0,0,0
242.17,0,0,0
242.30,0,0,0
242.43,0,0,0
242.57,0,0,0
242.70,0,0,0
242.83,0,0,0
242.97,0,0,0
243.10,0,0,0
243.23,0,0,0
243.37,0,0,0
243.50,0,0,0
243.63,0,0,0
243.77,0,0,0
243.90,0,0,0
244.03,0,0,0
244.17,0,0,0
244.30,0,0,0
244.43,0,0,0
244.57,0,0,0
244.70,0,0,0
244.83,0,0,0
244.97,0,0,0
245.10,0,0,0
245.23,0,0,0
245.37,0,0,0
245.50,0,0,0
245.63,0,0,0
245.77,0,0,0
245.90,0,0,0
246.03,0,0,0
246.17,0,0,0
246.30,0,0,0
246.43,0,0,0
246.57,0,0,0
246.70,0,0,0
246.83,0,0,0
246.97,0,0,0
247.10,0,0,0
247.23,0,0,0
247.37,0,0,0
247.50,0,0,0
247.63,0,0,0
247.77,0,0,0
247.90,0,0,0
248.03,0,0,0
248.17,0,0,0
248.30,0,0,0
248.43,0,0,0
248.57,0,0,0
248.70,0,0,0
248.83,0,0,0
248.97,0,0,0
249.10,0,0,0
249.23,0,0,0
249.37,0,0,0
249.50,0,0,0
249.63,0,0,0
249.77,0,0,0
249.90,0,0,0
250.03,0,0,0
250.17,0,0,0
250.30,0,0,0
250.43,0,0,0
250.57,0,0,0
250.70,0,0,0
250.83,0,0,0
250.97,0,0,0
251.10,0,0,0
251.23,0,0,0
251.37,0,0,0
251.50,0,0,0
251.63,0,0,0
251.77,0,0,0
251.90,0,0,0
252.03,0,0,0
252.17,0,0,0
252.30,0,0,0
252.43,0,0,0
252.57,0,0,0
252.70,0,0,0
252.83,0,0,0
252.97,0,0,0
253.10,0,0,0
253.23,0,0,0
253.37,0,0,0
253.50,0,0,0
253.63,0,0,0
253.77,0,0,0
253.90,0,0,0
254.03,0,0,0
254.17,0,0,0
254.30,0,0,0
254.43,0,0,0
254.57,0,0,0
254.70,0,0,0
254.83,0,0,0
254.97,0,0,0
255.10,0,0,0
255.23,0,0,0
255.37,0,0,0
255.50,0,0,0
255.63,0,0,0
255.77,0,0,0
255.90,0,0,0
256.03,0,0,0
256.17,0,0,0
256.30,0,0,0
256.43,0,0,0
256.57,0,0,0
256.70,0,0,0
256.83,0,0,0
256.97,0,0,0
257.10,0,0,0
257.23,0,0,0
257.37,0,0,0
257.50,0,0,0
257.63,0,0,0
257.77,0,0,0
257.90,0,0,0
258.03,0,0,0
258.17,0,0,0
258.30,0,0,0
258.43,0,0,0
258.57,0,0,0
258.70,0,0,0
258.83,0,0,0
258.97,0,0,0
259.10,0,0,0
259.23,0,0,0
259.37,0,0,0
259.50,0,0,0
259.63,0,0,0
259.77,0,0,0
259.90,0,0,0
260.03,0,0,0
260.17,0,0,0
260.30,0,0,0
260.43,0,0,0
260.57,0,0,0
260.70,0,0,0
260.83,0,0,0
260.97,0,0,0
261.10,0,0,0
261.23,0,0,0
261.37,0,0,0
261.50,0,0,0
261.63,0,0,0
261.77,0,0,0
261.90,0,0,0
262.03,0,0,0
262.17,0,0,0
262.30,0,0,0
262.43,0,0,0
262.57,0,0,0
262.70,0,0,0
262.83,0,0,0
262.97,0,0,0
263.10,0,0,0
263.23,0,0,0
263.37,0,0,0
263.50,0,0,0
263.63,0,0,0
263.77,0,0,0
263.90,0,0,0
264.03,0,0,0
264.17,0,0,0
264.30,0,0,0
264.43,0,0,0
264.57,0,0,0
264.70,0,0,0
264.83,0,0,0
264.97,0,0,0
265.10,0,0,0
265.23,0,0,0
265.37,0,0,0
265.50,0,0,0
265.63,0,0,0
265.77,0,0,0
265.90,0,0,0
266.03,0,0,0
266.17,0,0,0
266.30,0,0,0
266.43,0,0,0
266.57,0,0,0
266.70,0,0,0
266.83,0,0,0
266.97,0,0,0
267.10,0,0,0
267.23,0,0,0
267.37,0,0,0
267.50,0,0,0
267.63,0,0,0
267.77,0,0,0
267.90,0,0,0
268.03,0,0,0
268.17,0,0,0
268.30,0,0,0
268.43,0,0,0
268.57,0,0,0
268.70,0,0,0
268.83,0,0,0
268.97,0,0,0
269.10,0,0,0
269.23,0,0,0
269.37,0,0,0
269.50,0,0,0
269.63,0,0,0
269.77,0,0,0
269.90,0,0,0
270.03,0,0,0
270.17,0,0,0
270.30,0,0,0
270.43,0,0,0
270.57,0,0,0
270.70,0,0,0
270.83,0,0,0
270.97,0,0,0
271.10,0,0,0
271.23,0,0,0
271.37,0,0,0
271.50,0,0,0
271.63,0,0,0
271.77,0,0,0
271.90,0,0,0
272.03,0,0,0
272.17,0,0,0
272.30,0,0,0
272.43,0,0,0
272.57,0,0,0
272.70,0,0,0
272.77,0,0,0
272.83,0,0,0
272.90,0,0,0
272.97,0,0,0
273.03,0,0,0
273.10,0,0,0
273.17,0,0,0
273.23,0,0,0
273.30,0,0,0
273.37,0,0,0
273.43,0,0,0
273.50,0,0,0
273.57,0,0,0
273.63,0,0,0
273.70,0,0,0
273.77,0,0,0
273.83,0,0,0
273.90,0,0,0
273.97,0,0,0
274.03,0,0,0
274.10,0,0,0
274.17,0,0,0
274.23,0,0,0
274.30,0,0,0
274.37,0,0,0
274.43,0,0,0
274.50,0,0,0
274.57,0,0,0
274.63,0,0,0
274.70,0,0,0
274.77,0,0,0
274.83,0,0,0
274.90,0,0,0
274.97,0,0,0
275.03,0,0,0
275.10,0,0,0
275.17,0,0,0
275.23,0,0,0
275.30,0,0,0
275.37,0,0,0
275.43,0,0,0
275.50,0,0,0
275.57,0,0,0
275.63,0,0,0
275.70,0,0,0
275.77,0,0,0
275.83,0,0,0
275.90,0,0,0
275.97,0,0,0
276.03,0,0,0
276.10,0,0,0
276.17,0,0,0
276.23,0,0,0
276.30,0,0,0
276.40,0,0,0
276.53,0,0,0
276.67,0,0,0
276.80,0,0,0
276.93,0,0,0
277.07,0,0,0
277.20,0,0,0
277.33,0,0,0
277.47,0,0,0
277.60,0,0,0
277.73,0,0,0
277.87,0,0,0
278.00,0,0,0
278.13,0,0,0
278.27,0,0,0
278.40,0,0,0
278.53,0,0,0
278.67,0,0,0
278.80,0,0,0
278.93,0,0,0
279.07,0,0,0
279.20,0,0,0
279.33,0,0,0
279.47,0,0,0
279.60,0,0,0
279.73,0,0,0
279.87,0,0,0
280.00,0,0,0
280.13,0,0,0
280.27,0,0,0
280.40,0,0,0
280.53,0,0,0
280.67,0,0,0
280.80,0,0,0
280.93,0,0,0
281.07,0,0,0
281.20,0,0,0
281.33,0,0,0
281.47,0,0,0
281.60,0,0,0
281.73,0,0,0
281.87,0,0,0
282.00,0,0,0
282.13,0,0,0
282.27,0,0,0
282.40,0,0,0
282.53,0,0,0
282.67,0,0,0
282.80,0,0,0
282.93,0,0,0
283.07,0,0,0
283.20,0,0,0
283.33,0,0,0
283.47,0,0,0
283.60,0,0,0
283.73,0,0,0
283.87,0,0,0
284.00,0,0,0
284.13,0,0,0
284.27,0,0,0
284.40,0,0,0
284.53,0,0,0
284.67,0,0,0
284.80,0,0,0
284.93,0,0,0
285.07,0,0,0
285.20,0,0,0
285.33,0,0,0
285.47,0,0,0
285.60,0,0,0
285.73,0,0,0
285.87,0,0,0
286.00,0,0,0
286.13,0,0,0
286.27,0,0,0
286.40,0,0,0
286.53,0,0,0
286.67,0,0,0
286.80,0,0,0
286.93,0,0,0
287.07,0,0,0
287.20,0,0,0
287.33,0,0,0
287.47,0,0,0
287.60,0,0,0
287.73,0,0,0
287.87,0,0,0
288.00,0,0,0
288.13,0,0,0
288.27,0,0,0
288.40,0,0,0
288.53,0,0,0
288.67,0,0,0
288.80,0,0,0
288.93,0,0,0
289.07,0,0,0
289.20,0,0,0
289.33,0,0,0
289.47,0,0,0
289.60,0,0,0
289.73,0,0,0
289.87,0,0,0
290.00,0,0,0
290.13,0,0,0
290.27,0,0,0
290.40,0,0,0
290.53,0,0,0
290.67,0,0,0
290.80,0,0,0
290.93,0,0,0
291.07,0,0,0
291.20,0,0,0
291.33,0,0,0
291.47,0,0,0
291.60,0,0,0
291.73,0,0,0
291.87,0,0,0
292.00,0,0,0
292.13,0,0,0
292.27,0,0,0
292.40,0,0,0
292.53,0,0,0
292.67,0,0,0
292.80,0,0,0
292.93,0,0,0
293.07,0,0,0
293.20,0,0,0
293.33,0,0,0
293.47,0,0,0
293.60,0,0,0
293.73,0,0,0
293.87,0,0,0
294.00,0,0,0
294.13,0,0,0
294.27,0,0,0
294.40,0,0,0
294.53,0,0,0
294.67,0,0,0
294.80,0,0,0
294.93,0,0,0
295.07,0,0,0
295.20,0,0,0
295.33,0,0,0
295.47,0,0,0
295.60,0,0,0
295.73,0,0,0
295.87,0,0,0
296.00,0,0,0
296.13,0,0,0
296.27,0,0,0
296.40,0,0,0
296.53,0,0,0
296.67,0,0,0
296.80,0,0,0
296.93,0,0,0
297.07,0,0,0
297.20,0,0,0
297.33,0,0,0
297.47,0,0,0
297.60,0,0,0
297.73,0,0,0
297.87,0,0,0
298.00,0,0,0
298.13,0,0,0
298.27,0,0,0
298.40,0,0,0
298.53,0,0,0
298.67,0,0,0
298.80,0,0,0
298.93,0,0,0
299.07,0,0,0
299.20,0,0,0
299.33,0,0,0
299.47,0,0,0
299.60,0,0,0
299.73,0,0,0
299.87,0,0,0
300.00,0,0,0
300.13,0,0,0
300.27,0,0,0
300.40,0,0,0
300.53,0,0,0
300.67,0,0,0
300.80,0,0,0
300.93,0,0,0
301.07,0,0,0
301.20,0,0,0
301.33,0,0,0
301.47,0,0,0
301.60,0,0,0
301.73,0,0,0
301.87,0,0,0
302.00,0,0,0
302.13,0,0,0
302.27,0,0,0
302.40,0,0,0
302.53,0,0,0
302.67,0,0,0
302.80,0,0,0
302.93,0,0,0
303.07,0,0,0
303.20,0,0,0
303.33,0,0,0
303.47,0,0,0
303.60,0,0,0
303.73,0,0,0
303.87,0,0,0
304.00,0,0,0
304.13,0,0,0
304.27,0,0,0
304.40,0,0,0
304.53,0,0,0
304.67,0,0,0
304.80,0,0,0
304.93,0,0,0
305.07,0,0,0
305.20,0,0,0
305.33,0,0,0
305.47,0,0,0
305.60,0,0,0
305.73,0,0,0
305.87,0,0,0
306.00,0,0,0
306.13,0,0,0
306.27,0,0,0
306.40,0,0,0
306.53,0,0,0
306.67,0,0,0
306.80,0,0,0
306.93,0,0,0
307.07,0,0,0
307.20,0,0,0
307.33,0,0,0
307.47,0,0,0
307.60,0,0,0
307.73,0,0,0
307.87,0,0,0
308.00,0,0,0
308.13,0,0,0
308.27,0,0,0
308.40,0,0,0
308.53,0,0,0
308.67,0,0,0
308.80,0,0,0
308.93,0,0,0
309.07,0,0,0
309.20,0,0,0
309.33,0,0,0
309.47,0,0,0
309.60,0,0,0
309.73,0,0,0
309.87,0,0,0
310.00,0,0,0
310.13,0,0,0
310.27,0,0,0
310.40,0,0,0
310.53,0,0,0
310.67,0,0,0
310.80,0,0,0
310.93,0,0,0
311.07,0,0,0
311.20,0,0,0
311.33,0,0,0
311.47,0,0,0
311.60,0,0,0
311.73,0,0,0
311.87,0,0,0
312.00,0,0,0
312.13,0,0,0
312.27,0,0,0
312.40,0,0,0
312.53,0,0,0
312.67,0,0,0
312.80,0,0,0
312.93,0,0,0
313.07,0,0,0
313.20,0,0,0
313.33,0,0,0
313.47,0,0,0
313.60,0,0,0
313.73,0,0,0
313.87,0,0,0
314.00,0,0,0
314.13,0,0,0
314.27,0,0,0
314.40,0,0,0
314.53,0,0,0
314.67,0,0,0
314.80,0,0,0
314.93,0,0,0
315.07,0,0,0
315.20,0,0,0
315.33,0,0,0
315.47,0,0,0
315.60,0,0,0
315.73,0,0,0
315.87,0,0,0
316.00,0,0,0
316.13,0,0,0
316.27,0,0,0
316.40,0,0,0
316.53,0,0,0
316.67,0,0,0
316.80,0,0,0
316.93,0,0,0
317.07,0,0,0
317.20,0,0,0
317.33,0,0,0
317.47,0,0,0
317.60,0,0,0
317.73,0,0,0
317.87,0,0,0
318.00,0,0,0
318.13,0,0,0
318.27,0,0,0
318.40,0,0,0
318.53,0,0,0
318.67,0,0,0
318.80,0,0,0
318.93,0,0,0
319.07,0,0,0
319.20,0,0,0
319.33,0,0,0
319.47,0,0,0
319.60,0,0,0
319.73,0,0,0
319.87,0,0,0
320.00,0,0,0
320.13,0,0,0
320.27,0,0,0
320.40,0,0,0
320.53,0,0,0
320.67,0,0,0
320.80,0,0,0
320.93,0,0,0
321.07,0,0,0
321.20,0,0,0
321.33,0,0,0
321.47,0,0,0
321.60,0,0,0
321.73,0,0,0
321.87,0,0,0
322.00,0,0,0
322.13,0,0,0
322.27,0,0,0
322.40,0,0,0
322.53,0,0,0
322.67,0,0,0
322.80,0,0,0
322.93,0,0,0
323.07,0,0,0
323.20,0,0,0
323.33,0,0,0
323.47,0,0,0
323.60,0,0,0
323.73,0,0,0
323.87,0,0,0
324.00,0,0,0
324.13,0,0,0
324.27,0,0,0
324.40,0,0,0
324.53,0,0,0
324.67,0,0,0
324.80,0,0,0
324.93,0,0,0
325.07,0,0,0
325.20,0,0,0
325.33,0,0,0
325.47,0,0,0
325.60,0,0,0
325.73,0,0,0
325.87,0,0,0
326.00,0,0,0
326.13,0,0,0
326.27,0,0,0
326.40,0,0,0
326.53,0,0,0
326.67,0,0,0
326.80,0,0,0
326.93,0,0,0
327.07,0,0,0
327.20,0,0,0
327.33,0,0,0
327.47,0,0,0
327.60,0,0,0
327.73,0,0,0
327.87,0,0,0
328.00,0,0,0
328.13,0,0,0
328.27,0,0,0
328.40,0,0,0
328.53,0,0,0
328.67,0,0,0
328.80,0,0,0
328.93,0,0,0
329.07,0,0,0
329.20,0,0,0
329.33,0,0,0
329.47,0,0,0
329.60,0,0,0
329.73,0,0,0
329.87,0,0,0
330.00,0,0,0
330.13,0,0,0
330.27,0,0,0
330.40,0,0,0
330.53,0,0,0
330.67,0,0,0
330.80,0,0,0
330.93,0,0,0
331.07,0,0,0
331.20,0,0,0
331.33,0,0,0
331.47,0,0,0
331.60,0,0,0
331.73,0,0,0
331.87,0,0,0
332.00,0,0,0
332.13,0,0,0
332.27,0,0,0
332.40,0,0,0
332.53,0,0,0
332.67,0,0,0
332.80,0,0,0
332.93,0,0,0
333.07,0,0,0
333.20,0,0,0
333.33,0,0,0
333.47,0,0,0
333.60,0,0,0
333.73,0,0,0
333.87,0,0,0
334.00,0,0,0
334.13,0,0,0
334.27,0,0,0
334.40,0,0,0
334.53,0,0,0
334.67,0,0,0
334.80,0,0,0
334.93,0,0,0
335.07,0,0,0
335.20,0,0,0
335.33,0,0,0
335.47,0,0,0
335.60,0,0,0
335.73,0,0,0
335.87,0,0,0
336.00,0,0,0
336.13,0,0,0
336.27,0,0,0
336.40,0,0,0
336.53,0,0,0
336.67,0,0,0
336.80,0,0,0
336.93,0,0,0
337.07,0,0,0
337.20,0,0,0
337.33,0,0,0
337.47,0,0,0
337.60,0,0,0
337.73,0,0,0
337.87,0,0,0
338.00,0,0,0
338.13,0,0,0
338.27,0,0,0
338.40,0,0,0
338.53,0,0,0
338.67,0,0,0
338.80,0,0,0
338.93,0,0,0
339.07,0,0,0
339.20,0,0,0
339.33,0,0,0
339.47,0,0,0
339.60,0,0,0
339.73,0,0,0
339.87,0,0,0
340.00,0,0,0
340.13,0,0,0
340.27,0,0,0
340.40,0,0,0
340.53,0,0,0
340.67,0,0,0
340.80,0,0,0
340.93,0,0,0
341.07,0,0,0
341.20,0,0,0
341.33,0,0,0
341.47,0,0,0
341.60,0,0,0
341.73,0,0,0
341.87,0,0,0
342.00,0,0,0
342.13,0,0,0
342.27,0,0,0
342.40,0,0,0
342.53,0,0,0
342.67,0,0,0
342.80,0,0,0
342.93,0,0,0
343.07,0,0,0
343.20,0,0,0
343.33,0,0,0
343.47,0,0,0
343.60,0,0,0
343.73,0,0,0
343.87,0,0,0
344.00,0,0,0
344.13,0,0,0
344.27,0,0,0
344.40,0,0,0
344.53,0,0,0
344.67,0,0,0
344.80,0,0,0
344.93,0,0,0
345.07,0,0,0
345.20,0,0,0
345.33,0,0,0
345.47,0,0,0
345.60,0,0,0
345.73,0,0,0
345.87,0,0,0
346.00,0,0,0
346.13,0,0,0
346.27,0,0,0
346.40,0,0,0
346.53,0,0,0
346.67,0,0,0
346.80,0,0,0
346.93,0,0,0
347.07,0,0,0
347.20,0,0,0
347.33,0,0,0
347.47,0,0,0
347.60,0,0,0
347.73,0,0,0
347.87,0,0,0
348.00,0,0,0
348.13,0,0,0
348.27,0,0,0
348.40,0,0,0
348.53,0,0,0
348.67,0,0,0
348.80,0,0,0
348.93,0,0,0
349.07,0,0,0
349.20,0,0,0
349.33,0,0,0
349.47,0,0,0
349.60,0,0,0
349.73,0,0,0
349.87,0,0,0
350.00,0,0,0
350.13,0,0,0
350.27,0,0,0
350.40,0,0,0
350.53,0,0,0
350.67,0,0,0
350.80,0,0,0
350.93,0,0,0
351.07,0,0,0
351.20,0,0,0
351.33,0,0,0
351.47,0,0,0
351.60,0,0,0
351.73,0,0,0
351.87,0,0,0
352.00,0,0,0
352.13,0,0,0
352.27,0,0,0
352.40,0,0,0
352.53,0,0,0
352.67,0,0,0
352.80,0,0,0
352.93,0,0,0
353.07,0,0,0
353.20,0,0,0
353.33,0,0,0
353.47,0,0,0
353.60,0,0,0
353.73,0,0,0
353.87,0,0,0
354.00,0,0,0
354.13,0,0,0
354.27,0,0,0
354.40,0,0,0
354.53,0,0,0
354.67,0,0,0
354.80,0,0,0
354.93,0,0,0
355.07,0,0,0
355.20,0,0,0
355.33,0,0,0
355.47,0,0,0
355.60,0,0,0
355.73,0,0,0
355.87,0,0,0
356.00,0,0,0
356.13,0,0,0
356.27,0,0,0
356.40,0,0,0
356.53,0,0,0
356.67,0,0,0
356.80,0,0,0
356.93,0,0,0
357.07,0,0,0
357.20,0,0,0
357.33,0,0,0
357.47,0,0,0
357.60,0,0,0
357.73,0,0,0
357.87,0,0,0
358.00,0,0,0
358.13,0,0,0
358.27,0,0,0
358.40,0,0,0
358.53,0,0,0
358.67,0,0,0
358.80,0,0,0
358.93,0,0,0
359.07,0,0,0
359.20,0,0,0
359.33,0,0,0
359.47,0,0,0
359.60,0,0,0
359.73,0,0,0
359.87,0,0,0
360.00,0,0,0
360.13,0,0,0
360.27,0,0,0
360.40,0,0,0
360.53,0,0,0
360.67,0,0,0
360.80,0,0,0
360.93,0,0,0
361.07,0,0,0
361.20,0,0,0
361.33,0,0,0
361.47,0,0,0
361.60,0,0,0
361.73,0,0,0
361.87,0,0,0
362.00,0,0,0
362.13,0,0,0
362.27,0,0,0
362.40,0,0,0
362.53,0,0,0
362.67,0,0,0
362.80,0,0,0
362.93,0,0,0
363.07,0,0,0
363.20,0,0,0
363.33,0,0,0
363.47,0,0,0
363.60,0,0,0
363.73,0,0,0
363.87,0,0,0
364.00,0,0,0
364.13,0,0,0
364.27,0,0,0
364.40,0,0,0
364.53,0,0,0
364.67,0,0,0
364.80,0,0,0
364.93,0,0,0
365.07,0,0,0
365.20,0,0,0
365.33,0,0,0
365.47,0,0,0
365.60,0,0,0
365.73,0,0,0
365.87,0,0,0
366.00,0,0,0
366.13,0,0,0
366.27,0,0,0
366.40,0,0,0
366.53,0,0,0
366.67,0,0,0
366.80,0,0,0
366.93,0,0,0
367.07,0,0,0
367.20,0,0,0
367.33,0,0,0
367.47,0,0,0
367.60,0,0,0
367.73,0,0,0
367.87,0,0,0
368.00,0,0,0
368.13,0,0,0
368.27,0,0,0
368.40,0,0,0
368.53,0,0,0
368.67,0,0,0
368.80,0,0,0
368.93,0,0,0
369.07,0,0,0
369.20,0,0,0
369.33,0,0,0
369.47,0,0,0
369.60,0,0,0
369.73,0,0,0
369.87,0,0,0
370.00,0,0,0
370.13,0,0,0
370.27,0,0,0
370.40,0,0,0
370.53,0,0,0
370.67,0,0,0
370.80,0,0,0
370.93,0,0,0
371.07,0,0,0
371.20,0,0,0
371.33,0,0,0
371.47,0,0,0
371.60,0,0,0
371.73,0,0,0
371.87,0,0,0
372.00,0,0,0
372.13,0,0,0
372.27,0,0,0
372.40,0,0,0
372.53,0,0,0
372.67,0,0,0
372.80,0,0,0
372.93,0,0,0
373.07,0,0,0
373.20,0,0,0
373.33,0,0,0
373.47,0,0,0
373.60,0,0,0
373.73,0,0,0
373.87,0,0,0
374.00,0,0,0
374.13,0,0,0
374.27,0,0,0
374.40,0,0,0
374.53,0,0,0
374.67,0,0,0
374.80,0,0,0
374.93,0,0,0
375.07,0,0,0
375.20,0,0,0
375.33,0,0,0
375.47,0,0,0
375.60,0,0,0
375.73,0,0,0
375.87,0,0,0
376.00,0,0,0
376.13,0,0,0
376.27,0,0,0
376.40,0,0,0
376.53,0,0,0
376.67,0,0,0
376.80,0,0,0
376.93,0,0,0
377.07,0,0,0
377.20,0,0,0
377.33,0,0,0
377.47,0,0,0
377.60,0,0,0
377.73,0,0,0
377.87,0,0,0
378.00,0,0,0
378.13,0,0,0
378.27,0,0,0
378.40,0,0,0
378.53,0,0,0
378.67,0,0,0
378.80,0,0,0
378.93,0,0,0
379.07,0,0,0
379.20,0,0,0
379.33,0,0,0
379.47,0,0,0
379.60,0,0,0
379.73,0,0,0
379.87,0,0,0
380.00,0,0,0
380.13,0,0,0
380.27,0,0,0
380.40,0,0,0
380.53,0,0,0
380.67,0,0,0
380.80,0,0,0
380.93,0,0,0
381.07,0,0,0
381.20,0,0,0
381.33,0,0,0
381.47,0,0,0
381.60,0,0,0
381.73,0,0,0
381.87,0,0,0
382.00,0,0,0
382.13,0,0,0
382.27,0,0,0
382.40,0,0,0
382.53,0,0,0
382.67,0,0,0
382.80,0,0,0
382.93,0,0,0
383.07,0,0,0
383.20,0,0,0
383.33,0,0,0
383.47,0,0,0
383.60,0,0,0
383.73,0,0,0
383.87,0,0,0
384.00,0,0,0
384.13,0,0,0
384.27,0,0,0
384.40,0,0,0
384.53,0,0,0
384.67,0,0,0
384.80,0,0,0
384.93,0,0,0
385.07,0,0,0
385.20,0,0,0
385.33,0,0,0
385.47,0,0,0
385.60,0,0,0
385.73,0,0,0
385.87,0,0,0
386.00,0,0,0
386.13,0,0,0
386.27,0,0,0
386.40,0,0,0
386.53,0,0,0
386.67,0,0,0
386.80,0,0,0
386.93,0,0,0
387.07,0,0,0
387.20,0,0,0
387.33,0,0,0
387.47,0,0,0
387.60,0,0,0
387.73,0,0,0
387.87,0,0,0
388.00,0,0,0
388.13,0,0,0
388.27,0,0,0
388.40,0,0,0
388.53,0,0,0
388.67,0,0,0
388.80,0,0,0
388.93,0,0,0
389.07,0,0,0
389.20,0,0,0
389.33,0,0,0
389.47,0,0,0
389.60,0,0,0
389.73,0,0,0
389.87,0,0,0
390.00,0,0,0
390.13,0,0,0
390.27,0,0,0
390.40,0,0,0
390.53,0,0,0
390.67,0,0,0
390.80,0,0,0
390.93,0,0,0
391.07,0,0,0
391.20,0,0,0
391.33,0,0,0
391.47,0,0,0
391.60,0,0,0
391.73,0,0,0
391.87,0,0,0
392.00,0,0,0
392.13,0,0,0
392.27,0,0,0
392.40,0,0,0
392.53,0,0,0
392.67,0,0,0
392.80,0,0,0
392.93,0,0,0
393.07,0,0,0
393.20,0,0,0
393.33,0,0,0
393.47,0,0,0
393.60,0,0,0
393.73,0,0,0
393.87,0,0,0
394.00,0,0,0
394.13,0,0,0
394.27,0,0,0
394.40,0,0,0
394.53,0,0,0
394.67,0,0,0
394.80,0,0,0
394.93,0,0,0
395.07,0,0,0
395.20,0,0,0
395.33,0,0,0
395.47,0,0,0
395.60,0,0,0
395.73,0,0,0
395.87,0,0,0
396.00,0,0,0
396.13,0,0,0
396.27,0,0,0
396.40,0,0,0
396.53,0,0,0
396.67,0,0,0
396.80,0,0,0
396.93,0,0,0
397.07,0,0,0
397.20,0,0,0
397.33,0,0,0
397.47,0,0,0
397.60,0,0,0
397.73,0,0,0
397.87,0,0,0
398.00,0,0,0
398.13,0,0,0
398.27,0,0,0
398.40,0,0,0
398.53,0,0,0
398.67,0,0,0
398.80,0,0,0
398.93,0,0,0
399.07,0,0,0
399.20,0,0,0
399.33,0,0,0
399.47,0,0,0
399.60,0,0,0
399.73,0,0,0
399.87,0,0,0
400.00,0,0,0
400.13,0,0,0
400.27,0,0,0
400.40,0,0,0
400.53,0,0,0
400.67,0,0,0
400.80,0,0,0
400.93,0,0,0
401.07,0,0,0
401.20,0,0,0
401.33,0,0,0
401.47,0,0,0
401.60,0,0,0
401.73,0,0,0
401.87,0,0,0
402.00,0,0,0
402.13,0,0,0
402.27,0,0,0
402.40,0,0,0
402.53,0,0,0
402.67,0,0,0
402.80,0,0,0
402.93,0,0,0
403.07,0,0,0
403.20,0,0,0
403.33,0,0,0
403.47,0,0,0
403.60,0,0,0
403.73,0,0,0
403.87,0,0,0
404.00,0,0,0
404.13,0,0,0
404.27,0,0,0
404.40,0,0,0
404.53,0,0,0
404.67,0,0,0
404.80,0,0,0
404.93,0,0,0
405.07,0,0,0
405.20,0,0,0
405.33,0,0,0
405.47,0,0,0
405.60,0,0,0
405.73,0,0,0
405.87,0,0,0
406.00,0,0,0
406.13,0,0,0
406.27,0,0,0
406.40,0,0,0
406.53,0,0,0
406.67,0,0,0
406.80,0,0,0
406.93,0,0,0
407.07,0,0,0
407.20,0,0,0
407.33,0,0,0
407.47,0,0,0
407.60,0,0,0
407.73,0,0,0
407.87,0,0,0
408.00,0,0,0
408.13,0,0,0
408.27,0,0,0
408.40,0,0,0
408.53,0,0,0
408.67,0,0,0
408.80,0,0,0
408.93,0,0,0
409.07,0,0,0
409.20,0,0,0
409.33,0,0,0
409.47,0,0,0
409.60,0,0,0
409.73,0,0,0
409.87,0,0,0
410.00,0,0,0
410.13,0,0,0
410.27,0,0,0
410.40,0,0,0
410.53,0,0,0
410.67,0,0,0
410.80,0,0,0
410.93,0,0,0
411.07,0,0,0
411.20,0,0,0
411.33,0,0,0
411.47,0,0,0
411.60,0,0,0
411.73,0,0,0
411.87,0,0,0
412.00,0,0,0
412.13,0,0,0
412.27,0,0,0
412.40,0,0,0
412.53,0,0,0
412.67,0,0,0
412.80,0,0,0
412.93,0,0,0
413.07,0,0,0
413.20,0,0,0
413.33,0,0,0
413.47,0,0,0
413.60,0,0,0
413.73,0,0,0
413.87,0,0,0
414.00,0,0,0
414.13,0,0,0
414.27,0,0,0
414.40,0,0,0
414.53,0,0,0
414.67,0,0,0
414.80,0,0,0
414.93,0,0,0
415.07,0,0,0
415.20,0,0,0
415.33,0,0,0
415.47,0,0,0
415.60,0,0,0
415.73,0,0,0
415.87,0,0,0
416.00,0,0,0
416.13,0,0,0
416.27,0,0,0
416.40,0,0,0
416.53,0,0,0
416.67,0,0,0
416.80,0,0,0
416.93,0,0,0
417.07,0,0,0
417.20,0,0,0
417.33,0,0,0
417.47,0,0,0
417.60,0,0,0
417.73,0,0,0
417.87,0,0,0
418.00,0,0,0
418.13,0,0,0
418.27,0,0,0
418.40,0,0,0
418.53,0,0,0
418.67,0,0,0
418.80,0,0,0
418.93,0,0,0
419.07,0,0,0
419.20,0,0,0
419.33,0,0,0
419.47,0,0,0
419.60,0,0,0
419.73,0,0,0
419.87,0,0,0
420.00,0,0,0
420.13,0,0,0
420.27,0,0,0
420.40,0,0,0
420.53,0,0,0
420.67,0,0,0
420.80,0,0,0
420.93,0,0,0
421.07,0,0,0
421.20,0,0,0
421.33,0,0,0
421.47,0,0,0
421.60,0,0,0
421.73,0,0,0
421.87,0,0,0
422.00,0,0,0
422.13,0,0,0
422.27,0,0,0
422.40,0,0,0
422.53,0,0,0
422.67,0,0,0
422.80,0,0,0
422.93,0,0,0
423.07,0,0,0
423.20,0,0,0
423.33,0,0,0
423.47,0,0,0
423.60,0,0,0
423.73,0,0,0
423.87,0,0,0
424.00,0,0,0
424.13,0,0,0
424.27,0,0,0
424.40,0,0,0
424.53,0,0,0
424.67,0,0,0
424.80,0,0,0
424.93,0,0,0
425.07,0,0,0
425.20,0,0,0
425.33,0,0,0
425.47,0,0,0
425.60,0,0,0
425.73,0,0,0
425.87,0,0,0
426.00,0,0,0
426.13,0,0,0
426.27,0,0,0
426.40,0,0,0
426.53,0,0,0
426.67,0,0,0
426.80,0,0,0
426.93,0,0,0
427.07,0,0,0
427.20,0,0,0
427.33,0,0,0
427.47,0,0,0
427.60,0,0,0
427.73,0,0,0
427.87,0,0,0
428.00,0,0,0
428.13,0,0,0
428.27,0,0,0
428.40,0,0,0
428.53,0,0,0
428.67,0,0,0
428.80,0,0,0
428.93,0,0,0
429.07,0,0,0
429.20,0,0,0
429.33,0,0,0
429.47,0,0,0
429.60,0,0,0
429.73,0,0,0
429.87,0,0,0
430.00,0,0,0
430.13,0,0,0
430.27,0,0,0
430.40,0,0,0
430.53,0,0,0
430.67,0,0,0
430.80,0,0,0
430.93,0,0,0
431.07,0,0,0
431.20,0,0,0
431.33,0,0,0
431.47,0,0,0
431.60,0,0,0
431.73,0,0,0
431.87,0,0,0
432.00,0,0,0
432.13,0,0,0
432.27,0,0,0
432.40,0,0,0
432.53,0,0,0
432.67,0,0,0
432.80,0,0,0
432.93,0,0,0
433.07,0,0,0
433.20,0,0,0
433.33,0,0,0
433.47,0,0,0
433.60,0,0,0
433.73,0,0,0
433.87,0,0,0
434.00,0,0,0
434.13,0,0,0
434.27,0,0,0
434.40,0,0,0
434.53,0,0,0
434.67,0,0,0
434.80,0,0,0
434.93,0,0,0
435.07,0,0,0
435.20,0,0,0
435.33,0,0,0
435.47,0,0,0
435.60,0,0,0
435.73,0,0,0
435.87,0,0,0
436.00,0,0,0
436.13,0,0,0
436.27,0,0,0
436.40,0,0,0
436.53,0,0,0
436.67,0,0,0
436.80,0,0,0
436.93,0,0,0
437.07,0,0,0
437.20,0,0,0
437.33,0,0,0
437.47,0,0,0
437.60,0,0,0
437.73,0,0,0
437.87,0,0,0
438.00,0,0,0
438.13,0,0,0
438.27,0,0,0
438.40,0,0,0
438.53,0,0,0
438.67,0,0,0
438.80,0,0,0
438.93,0,0,0
439.07,0,0,0
439.20,0,0,0
439.33,0,0,0
439.47,0,0,0
439.60,0,0,0
439.73,0,0,0
439.87,0,0,0
440.00,0,0,0
440.13,0,0,0
440.27,0,0,0
440.40,0,0,0
440.53,0,0,0
440.67,0,0,0
440.80,0,0,0
440.93,0,0,0
441.07,0,0,0
441.20,0,0,0
441.33,0,0,0
441.47,0,0,0
441.60,0,0,0
441.73,0,0,0
441.87,0,0,0
442.00,0,0,0
442.13,0,0,0
442.27,0,0,0
442.40,0,0,0
442.53,0,0,0
442.67,0,0,0
442.80,0,0,0
442.93,0,0,0
443.07,0,0,0
443.20,0,0,0
443.33,0,0,0
443.47,0,0,0
443.60,0,0,0
443.73,0,0,0
443.87,0,0,0
444.00,0,0,0
444.13,0,0,0
444.27,0,0,0
444.40,0,0,0
444.53,0,0,0
444.67,0,0,0
444.80,0,0,0
444.93,0,0,0
445.07,0,0,0
445.20,0,0,0
445.33,0,0,0
445.47,0,0,0
445.60,0,0,0
445.73,0,0,0
445.87,0,0,0
446.00,0,0,0
446.13,0,0,0
446.27,0,0,0
446.40,0,0,0
446.53,0,0,0
446.67,0,0,0
446.80,0,0,0
446.93,0,0,0
447.07,0,0,0
447.20,0,0,0
447.33,0,0,0
447.47,0,0,0
447.60,0,0,0
447.73,0,0,0
447.87,0,0,0
448.00,0,0,0
448.13,0,0,0
448.27,0,0,0
448.40,0,0,0
448.53,0,0,0
448.67,0,0,0
448.80,0,0,0
448.93,0,0,0
449.07,0,0,0
449.20,0,0,0
449.33,0,0,0
449.47,0,0,0
449.60,0,0,0
449.73,0,0,0
449.87,0,0,0
450.00,0,0,0
450.13,0,0,0
450.27,0,0,0
450.40,0,0,0
450.53,0,0,0
450.67,0,0,0
450.80,0,0,0
450.93,0,0,0
451.07,0,0,0
451.20,0,0,0
451.33,0,0,0
451.47,0,0,0
451.60,0,0,0
451.73,0,0,0
451.87,0,0,0
452.00,0,0,0
452.13,0,0,0
452.27,0,0,0
452.40,0,0,0
452.53,0,0,0
452.67,0,0,0
452.80,0,0,0
452.93,0,0,0
453.07,0,0,0
453.20,0,0,0
453.33,0,0,0
453.47,0,0,0
453.60,0,0,0
453.73,0,0,0
453.87,0,0,0
454.00,0,0,0
454.13,0,0,0
454.27,0,0,0
454.40,0,0,0
454.53,0,0,0
454.67,0,0,0
454.80,0,0,0
454.93,0,0,0
455.07,0,0,0
455.20,0,0,0
455.33,0,0,0
455.47,0,0,0
455.60,0,0,0
455.73,0,0,0
455.87,0,0,0
456.00,0,0,0
456.13,0,0,0
456.27,0,0,0
456.40,0,0,0
456.53,0,0,0
456.67,0,0,0
456.80,0,0,0
456.93,0,0,0
457.07,0,0,0
457.20,0,0,0
457.33,0,0,0
457.47,0,0,0
457.60,0,0,0
457.73,0,0,0
457.87,0,0,0
458.00,0,0,0
458.13,0,0,0
458.27,0,0,0
458.40,0,0,0
458.53,0,0,0
458.67,0,0,0
458.80,0,0,0
458.93,0,0,0
459.07,0,0,0
459.20,0,0,0
459.33,0,0,0
459.47,0,0,0
459.60,0,0,0
459.73,0,0,0
459.87,0,0,0
460.00,0,0,0
460.13,0,0,0
460.27,0,0,0
460.40,0,0,0
460.53,0,0,0
460.67,0,0,0
460.80,0,0,0
460.93,0,0,0
461.07,0,0,0
461.20,0,0,0
461.33,0,0,0
461.47,0,0,0
461.60,0,0,0
461.73,0,0,0
461.87,0,0,0
462.00,0,0,0
462.13,0,0,0
462.27,0,0,0
462.40,0,0,0
462.53,0,0,0
462.67,0,0,0
462.80,0,0,0
462.93,0,0,0
463.07,0,0,0
463.20,0,0,0
463.33,0,0,0
463.47,0,0,0
463.60,0,0,0
463.73,0,0,0
463.87,0,0,0
464.00,0,0,0
464.13,0,0,0
464.27,0,0,0
464.40,0,0,0
464.53,0,0,0
464.67,0,0,0
464.80,0,0,0
464.93,0,0,0
465.07,0,0,0
465.20,0,0,0
465.33,0,0,0
465.47,0,0,0
465.60,0,0,0
465.73,0,0,0
465.87,0,0,0
466.00,0,0,0
466.13,0,0,0
466.27,0,0,0
466.40,0,0,0
466.53,0,0,0
466.67,0,0,0
466.80,0,0,0
466.93,0,0,0
467.07,0,0,0
467.20,0,0,0
467.33,0,0,0
467.47,0,0,0
467.60,0,0,0
467.73,0,0,0
467.87,0,0,0
468.00,0,0,0
468.13,0,0,0
468.27,0,0,0
468.40,0,0,0
468.53,0,0,0
468.67,0,0,0
468.80,0,0,0
468.93,0,0,0
469.07,0,0,0
469.20,0,0,0
469.33,0,0,0
469.47,0,0,0
469.60,0,0,0
469.73,0,0,0
469.87,0,0,0
470.00,0,0,0
470.13,0,0,0
470.27,0,0,0
470.40,0,0,0
470.53,0,0,0
470.67,0,0,0
470.80,0,0,0
470.93,0,0,0
471.07,0,0,0
471.20,0,0,0
471.33,0,0,0
471.47,0,0,0
471.60,0,0,0
471.73,0,0,0
471.87,0,0,0
472.00,0,0,0
472.13,0,0,0
472.27,0,0,0
472.40,0,0,0
472.53,0,0,0
472.67,0,0,0
472.80,0,0,0
472.93,0,0,0
473.07,0,0,0
473.20,0,0,0
473.33,0,0,0
473.47,0,0,0
473.60,0,0,0
473.73,0,0,0
473.87,0,0,0
474.00,0,0,0
474.13,0,0,0
474.27,0,0,0
474.40,0,0,0
474.53,0,0,0
474.67,0,0,0
474.80,0,0,0
474.93,0,0,0
475.07,0,0,0
475.20,0,0,0
475.33,0,0,0
475.47,0,0,0
475.60,0,0,0
475.73,0,0,0
475.87,0,0,0
476.00,0,0,0
476.13,0,0,0
476.27,0,0,0
476.40,0,0,0
476.53,0,0,0
476.67,0,0,0
476.80,0,0,0
476.93,0,0,0
477.07,0,0,0
477.20,0,0,0
477.33,0,0,0
477.47,0,0,0
477.60,0,0,0
477.73,0,0,0
477.87,0,0,0
478.00,0,0,0
478.13,0,0,0
478.27,0,0,0
478.40,0,0,0
478.53,0,0,0
478.67,0,0,0
478.80,0,0,0
478.93,0,0,0
479.07,0,0,0
479.20,0,0,0
479.33,0,0,0
479.47,0,0,0
479.60,0,0,0
479.73,0,0,0
479.87,0,0,0
480.00,0,0,0
480.13,0,0,0
480.27,0,0,0
480.40,0,0,0
480.53,0,0,0
480.67,0,0,0
480.80,0,0,0
480.93,0,0,0
481.07,0,0,0
481.20,0,0,0
481.33,0,0,0
481.47,0,0,0
481.60,0,0,0
481.73,0,0,0
481.87,0,0,0
482.00,0,0,0
482.13,0,0,0
482.27,0,0,0
482.40,0,0,0
482.53,0,0,0
482.67,0,0,0
482.80,0,0,0
482.93,0,0,0
483.07,0,0,0
483.20,0,0,0
483.33,0,0,0
483.47,0,0,0
483.60,0,0,0
483.73,0,0,0
483.87,0,0,0
484.00,0,0,0
484.13,0,0,0
484.27,0,0,0
484.40,0,0,0
484.53,0,0,0
484.67,0,0,0
484.80,0,0,0
484.93,0,0,0
485.07,0,0,0
485.20,0,0,0
485.33,0,0,0
485.47,0,0,0
485.60,0,0,0
485.73,0,0,0
485.87,0,0,0
486.00,0,0,0
486.13,0,0,0
486.27,0,0,0
486.40,0,0,0
486.53,0,0,0
486.67,0,0,0
486.80,0,0,0
486.93,0,0,0
487.07,0,0,0
487.20,0,0,0
487.33,0,0,0
487.47,0,0,0
487.60,0,0,0
487.73,0,0,0
487.87,0,0,0
488.00,0,0,0
488.13,0,0,0
488.27,0,0,0
488.40,0,0,0
488.53,0,0,0
488.67,0,0,0
488.80,0,0,0
488.93,0,0,0
489.07,0,0,0
489.20,0,0,0
489.33,0,0,0
489.47,0,0,0
489.60,0,0,0
489.73,0,0,0
489.87,0,0,0
490.00,0,0,0
490.13,0,0,0
490.27,0,0,0
490.40,0,0,0
490.53,0,0,0
490.67,0,0,0
490.80,0,0,0
490.93,0,0,0
491.07,0,0,0
491.20,0,0,0
491.33,0,0,0
491.47,0,0,0
491.60,0,0,0
491.73,0,0,0
491.87,0,0,0
492.00,0,0,0
492.13,0,0,0
492.27,0,0,0
492.40,0,0,0
492.53,0,0,0
492.67,0,0,0
492.80,0,0,0
492.93,0,0,0
493.07,0,0,0
493.20,0,0,0
493.33,0,0,0
493.47,0,0,0
493.60,0,0,0
493.73,0,0,0
493.87,0,0,0
494.00,0,0,0
494.13,0,0,0
494.27,0,0,0
494.40,0,0,0
494.53,0,0,0
494.67,0,0,0
494.80,0,0,0
494.93,0,0,0
495.07,0,0,0
495.20,0,0,0
495.33,0,0,0
495.47,0,0,0
495.60,0,0,0
495.73,0,0,0
495.87,0,0,0
496.00,0,0,0
496.13,0,0,0
496.27,0,0,0
496.40,0,0,0
496.53,0,0,0
496.67,0,0,0
496.80,0,0,0
496.93,0,0,0
497.07,0,0,0
497.20,0,0,0
497.33,0,0,0
497.47,0,0,0
497.60,0,0,0
497.73,0,0,0
497.87,0,0,0
498.00,0,0,0
498.13,0,0,0
498.27,0,0,0
498.40,0,0,0
498.53,0,0,0
498.67,0,0,0
498.80,0,0,0
498.93,0,0,0
499.07,0,0,0
499.20,0,0,0
499.33,0,0,0
499.47,0,0,0
499.60,0,0,0
499.73,0,0,0
499.87,0,0,0
500.00,0,0,0
500.13,0,0,0
500.27,0,0,0
500.40,0,0,0
500.53,0,0,0
500.67,0,0,0
500.80,0,0,0
500.93,0,0,0
501.07,0,0,0
501.20,0,0,0
501.33,0,0,0
501.47,0,0,0
501.60,0,0,0
501.73,0,0,0
501.87,0,0,0
502.00,0,0,0
502.13,0,0,0
502.27,0,0,0
502.40,0,0,0
502.53,0,0,0
502.67,0,0,0
502.80,0,0,0
502.93,0,0,0
503.07,0,0,0
503.20,0,0,0
503.33,0,0,0
503.47,0,0,0
503.60,0,0,0
503.73,0,0,0
503.87,0,0,0
504.00,0,0,0
504.13,0,0,0
504.27,0,0,0
504.40,0,0,0
504.53,0,0,0
504.67,0,0,0
504.80,0,0,0
504.93,0,0,0
505.07,0,0,0
505.20,0,0,0
505.33,0,0,0
505.47,0,0,0
505.60,0,0,0
505.73,0,0,0
505.87,0,0,0
506.00,0,0,0
506.13,0,0,0
506.27,0,0,0
506.40,0,0,0
506.53,0,0,0
506.67,0,0,0
506.80,0,0,0
506.93,0,0,0
507.07,0,0,0
507.20,0,0,0
507.33,0,0,0
507.47,0,0,0
507.60,0,0,0
507.73,0,0,0
507.87,0,0,0
508.00,0,0,0
508.13,0,0,0
508.27,0,0,0
508.40,0,0,0
508.53,0,0,0
508.67,0,0,0
508.80,0,0,0
508.93,0,0,0
509.07,0,0,0
509.20,0,0,0
509.33,0,0,0
509.47,0,0,0
509.60,0,0,0
509.73,0,0,0
509.87,0,0,0
510.00,0,0,0
510.13,0,0,0
510.27,0,0,0
510.40,0,0,0
510.53,0,0,0
510.67,0,0,0
510.80,0,0,0
510.93,0,0,0
511.07,0,0,0
511.20,0,0,0
511.33,0,0,0
511.47,0,0,0
511.60,0,0,0
511.73,0,0,0
511.87,0,0,0
512.00,0,0,0
512.13,0,0,0
512.27,0,0,0
512.40,0,0,0
512.53,0,0,0
512.67,0,0,0
512.80,0,0,0
512.93,0,0,0
513.07,0,0,0
513.20,0,0,0
513.33,0,0,0
513.47,0,0,0
513.60,0,0,0
513.73,0,0,0
513.87,0,0,0
514.00,0,0,0
514.13,0,0,0
514.27,0,0,0
514.40,0,0,0
514.53,0,0,0
514.67,0,0,0
514.80,0,0,0
514.93,0,0,0
515.07,0,0,0
515.20,0,0,0
515.33,0,0,0
515.47,0,0,0
515.60,0,0,0
515.73,0,0,0
515.87,0,0,0
516.00,0,0,0
516.13,0,0,0
516.27,0,0,0
516.40,0,0,0
516.53,0,0,0
516.67,0,0,0
516.80,0,0,0
516.93,0,0,0
517.07,0,0,0
517.20,0,0,0
517.33,0,0,0
517.47,0,0,0
517.60,0,0,0
517.73,0,0,0
517.87,0,0,0
518.00,0,0,0
518.13,0,0,0
518.27,0,0,0
518.40,0,0,0
518.53,0,0,0
518.67,0,0,0
518.80,0,0,0
518.93,0,0,0
519.07,0,0,0
519.20,0,0,0
519.33,0,0,0
519.47,0,0,0
519.60,0,0,0
519.73,0,0,0
519.87,0,0,0
520.00,0,0,0
520.13,0,0,0
520.27,0,0,0
520.40,0,0,0
520.53,0,0,0
520.67,0,0,0
520.80,0,0,0
520.93,0,0,0
521.07,0,0,0
521.20,0,0,0
521.33,0,0,0
521.47,0,0,0
521.60,0,0,0
521.73,0,0,0
521.87,0,0,0
522.00,0,0,0
522.13,0,0,0
522.27,0,0,0
522.40,0,0,0
522.53,0,0,0
522.67,0,0,0
522.80,0,0,0
522.93,0,0,0
523.07,0,0,0
523.20,0,0,0
523.33,0,0,0
523.47,0,0,0
523.60,0,0,0
523.73,0,0,0
523.87,0,0,0
524.00,0,0,0
524.13,0,0,0
524.27,0,0,0
524.40,0,0,0
524.53,0,0,0
524.67,0,0,0
524.80,0,0,0
524.93,0,0,0
525.07,0,0,0
525.20,0,0,0
525.33,0,0,0
525.47,0,0,0
525.60,0,0,0
525.73,0,0,0
525.87,0,0,0
526.00,0,0,0
526.13,0,0,0
526.27,0,0,0
526.40,0,0,0
526.53,0,0,0
526.67,0,0,0
526.80,0,0,0
526.93,0,0,0
527.07,0,0,0
527.20,0,0,0
527.33,0,0,0
527.47,0,0,0
527.60,0,0,0
527.73,0,0,0
527.87,0,0,0
528.00,0,0,0
528.13,0,0,0
528.27,0,0,0
528.40,0,0,0
528.53,0,0,0
528.67,0,0,0
528.80,0,0,0
528.93,0,0,0
529.07,0,0,0
529.20,0,0,0
529.33,0,0,0
529.40,0,0,0
529.47,0,0,0
529.53,0,0,0
529.60,0,0,0
529.67,0,0,0
529.73,0,0,0
529.80,0,0,0
529.87,0,0,0
529.93,0,0,0
530.00,0,0,0
530.07,0,0,0
530.13,0,0,0
530.20,0,0,0
530.27,0,0,0
530.33,0,0,0
530.40,0,0,0
530.47,0,0,0
530.53,0,0,0
530.60,0,0,0
530.67,0,0,0
530.73,0,0,0
530.80,0,0,0
530.87,0,0,0
530.93,0,0,0
531.00,0,0,0
531.07,0,0,0
531.13,0,0,0
531.20,0,0,0
531.27,0,0,0
531.33,0,0,0
531.40,0,0,0
531.47,0,0,0
531.53,0,0,0
531.60,0,0,0
531.67,0,0,0
531.73,0,0,0
531.80,0,0,0
531.87,0,0,0
531.93,0,0,0
532.00,0,0,0
532.07,0,0,0
532.13,0,0,0
532.20,0,0,0
532.27,0,0,0
532.33,0,0,0
532.40,0,0,0
532.47,0,0,0
532.53,0,0,0
532.60,0,0,0
532.67,0,0,0
532.73,0,0,0
532.80,0,0,0
532.87,0,0,0
532.93,0,0,0
533.00,0,0,0
533.07,0,0,0
533.13,0,0,0
533.20,0,0,0
533.27,0,0,0
533.33,0,0,0
533.40,0,0,0
533.47,0,0,0
533.53,0,0,0
533.60,0,0,0
533.67,0,0,0
533.73,0,0,0
533.80,0,0,0
533.87,0,0,0
533.93,0,0,0
534.00,0,0,0
534.07,0,0,0
534.13,0,0,0
534.20,0,0,0
534.27,0,0,0
534.33,0,0,0
534.40,0,0,0
534.47,0,0,0
534.53,0,0,0
534.60,0,0,0
534.67,0,0,0
534.73,0,0,0
534.80,0,0,0
534.87,0,0,0
534.93,0,0,0
535.00,0,0,0
535.07,0,0,0
535.13,0,0,0
535.20,0,0,0
535.27,0,0,0
535.33,0,0,0
535.40,0,0,0
535.47,0,0,0
535.53,0,0,0
535.60,0,0,0
535.67,0,0,0
535.73,0,0,0
535.80,0,0,0
535.87,0,0,0
535.93,0,0,0
536.00,0,0,0
536.07,0,0,0
536.13,0,0,0
536.20,0,0,0
536.27,0,0,0
536.33,0,0,0
536.40,0,0,0
536.47,0,0,0
536.53,0,0,0
536.60,0,0,0
536.67,0,0,0
536.73,0,0,0
536.80,0,0,0
536.87,0,0,0
536.93,0,0,0
537.00,0,0,0
537.07,0,0,0
537.13,0,0,0
537.20,0,0,0
537.27,0,0,0
537.33,0,0,0
537.40,0,0,0
537.47,0,0,0
537.53,0,0,0
537.60,0,0,0
537.67,0,0,0
537.73,0,0,0
537.80,0,0,0
537.87,0,0,0
537.93,0,0,0
538.00,0,0,0
538.07,0,0,0
538.13,0,0,0
538.20,0,0,0
538.27,0,0,0
538.33,0,0,0
538.40,0,0,0
538.47,0,0,0
538.60,0,0,0
538.73,0,0,0
538.87,0,0,0
539.00,0,0,0
539.13,0,0,0
539.27,0,0,0
539.40,0,0,0
539.53,0,0,0
539.67,0,0,0
539.80,0,0,0
539.93,0,0,0
540.07,0,0,0
540.20,0,0,0
540.33,0,0,0
540.47,0,0,0
540.60,0,0,0
540.73,0,0,0
540.87,0,0,0
541.00,0,0,0
541.13,0,0,0
541.27,0,0,0
541.40,0,0,0
541.53,0,0,0
541.67,0,0,0
541.80,0,0,0
541.93,0,0,0
542.07,0,0,0
542.20,0,0,0
542.33,0,0,0
542.47,0,0,0
542.60,0,0,0
542.73,0,0,0
542.87,0,0,0
543.00,0,0,0
543.13,0,0,0
543.27,0,0,0
543.40,0,0,0
543.53,0,0,0
543.67,0,0,0
543.80,0,0,0
543.93,0,0,0
544.07,0,0,0
544.20,0,0,0
544.33,0,0,0
544.47,0,0,0
544.60,0,0,0
544.73,0,0,0
544.87,0,0,0
545.00,0,0,0
545.13,0,0,0
545.27,0,0,0
545.40,0,0,0
545.53,0,0,0
545.67,0,0,0
545.80,0,0,0
545.93,0,0,0
546.07,0,0,0
546.20,0,0,0
546.33,0,0,0
546.47,0,0,0
546.60,0,0,0
546.73,0,0,0
546.87,0,0,0
547.00,0,0,0
547.13,0,0,0
547.27,0,0,0
547.40,0,0,0
547.53,0,0,0
547.67,0,0,0
547.80,0,0,0
547.93,0,0,0
548.07,0,0,0
548.20,0,0,0
548.33,0,0,0
548.47,0,0,0
548.60,0,0,0
548.73,0,0,0
548.87,0,0,0
549.00,0,0,0
549.13,0,0,0
549.27,0,0,0
549.40,0,0,0
549.53,0,0,0
549.67,0,0,0
549.80,0,0,0
549.93,0,0,0
550.07,0,0,0
550.20,0,0,0
550.33,0,0,0
550.47,0,0,0
550.60,0,0,0
550.73,0,0,0
550.87,0,0,0
551.00,0,0,0
551.13,0,0,0
551.27,0,0,0
551.40,0,0,0
551.53,0,0,0
551.67,0,0,0
551.80,0,0,0
551.93,0,0,0
552.07,0,0,0
552.20,0,0,0
552.33,0,0,0
552.47,0,0,0
552.60,0,0,0
552.73,0,0,0
552.87,0,0,0
553.00,0,0,0
553.13,0,0,0
553.27,0,0,0
553.40,0,0,0
553.53,0,0,0
553.67,0,0,0
553.80,0,0,0
553.93,0,0,0
554.07,0,0,0
554.20,0,0,0
554.33,0,0,0
554.47,0,0,0
554.60,0,0,0
554.73,0,0,0
554.87,0,0,0
555.00,0,0,0
555.13,0,0,0
555.27,0,0,0
555.40,0,0,0
555.53,0,0,0
555.67,0,0,0
555.80,0,0,0
555.93,0,0,0
556.07,0,0,0
556.20,0,0,0
556.33,0,0,0
556.47,0,0,0
556.60,0,0,0
556.73,0,0,0
556.87,0,0,0
557.00,0,0,0
557.13,0,0,0
557.27,0,0,0
557.40,0,0,0
557.53,0,0,0
557.67,0,0,0
557.80,0,0,0
557.93,0,0,0
558.07,0,0,0
558.20,0,0,0
558.33,0,0,0
558.47,0,0,0
558.60,0,0,0
558.73,0,0,0
558.87,0,0,0
559.00,0,0,0
559.13,0,0,0
559.27,0,0,0
559.40,0,0,0
559.53,0,0,0
559.67,0,0,0
559.80,0,0,0
559.93,0,0,0
560.07,0,0,0
560.20,0,0,0
560.33,0,0,0
560.47,0,0,0
560.60,0,0,0
560.73,0,0,0
560.87,0,0,0
561.00,0,0,0
561.13,0,0,0
561.27,0,0,0
561.40,0,0,0
561.53,0,0,0
561.67,0,0,0
561.80,0,0,0
561.93,0,0,0
562.07,0,0,0
562.20,0,0,0
562.33,0,0,0
562.47,0,0,0
562.60,0,0,0
562.73,0,0,0
562.87,0,0,0
563.00,0,0,0
563.13,0,0,0
563.27,0,0,0
563.40,0,0,0
563.53,0,0,0
563.67,0,0,0
563.80,0,0,0
563.93,0,0,0
564.07,0,0,0
564.20,0,0,0
564.33,0,0,0
564.47,0,0,0
564.60,0,0,0
564.73,0,0,0
564.87,0,0,0
565.00,0,0,0
565.13,0,0,0
565.27,0,0,0
565.40,0,0,0
565.53,0,0,0
565.67,0,0,0
565.80,0,0,0
565.93,0,0,0
566.07,0,0,0
566.20,0,0,0
566.33,0,0,0
566.47,0,0,0
566.60,0,0,0
566.73,0,0,0
566.87,0,0,0
567.00,0,0,0
567.13,0,0,0
567.27,0,0,0
567.40,0,0,0
567.53,0,0,0
567.67,0,0,0
567.80,0,0,0
567.93,0,0,0
568.07,0,0,0
568.20,0,0,0
568.33,0,0,0
568.47,0,0,0
568.60,0,0,0
568.73,0,0,0
568.87,0,0,0
569.00,0,0,0
569.13,0,0,0
569.27,0,0,0
569.40,0,0,0
569.53,0,0,0
569.67,0,0,0
569.80,0,0,0
569.93,0,0,0
570.07,0,0,0
570.20,0,0,0
570.33,0,0,0
570.47,0,0,0
570.60,0,0,0
570.73,0,0,0
570.87,0,0,0
571.00,0,0,0
571.13,0,0,0
571.27,0,0,0
571.40,0,0,0
571.53,0,0,0
571.67,0,0,0
571.80,0,0,0
571.93,0,0,0
572.07,0,0,0
572.20,0,0,0
572.33,0,0,0
572.47,0,0,0
572.60,0,0,0
572.73,0,0,0
572.87,0,0,0
573.00,0,0,0
573.13,0,0,0
573.27,0,0,0
573.40,0,0,0
573.53,0,0,0
573.67,0,0,0
573.80,0,0,0
573.93,0,0,0
574.07,0,0,0
574.20,0,0,0
574.33,0,0,0
574.47,0,0,0
574.60,0,0,0
574.73,0,0,0
574.87,0,0,0
575.00,0,0,0
575.13,0,0,0
575.27,0,0,0
575.40,0,0,0
575.53,0,0,0
575.67,0,0,0
575.80,0,0,0
575.93,0,0,0
576.07,0,0,0
576.20,0,0,0
576.33,0,0,0
576.47,0,0,0
576.60,0,0,0
576.73,0,0,0
576.87,0,0,0
577.00,0,0,0
577.13,0,0,0
577.27,0,0,0
577.40,0,0,0
577.53,0,0,0
577.67,0,0,0
577.80,0,0,0
577.93,0,0,0
578.07,0,0,0
578.20,0,0,0
578.33,0,0,0
578.47,0,0,0
578.60,0,0,0
578.73,0,0,0
578.87,0,0,0
579.00,0,0,0
579.13,0,0,0
579.27,0,0,0
579.40,0,0,0
579.53,0,0,0
579.67,0,0,0
579.80,0,0,0
579.93,0,0,0
580.07,0,0,0
580.20,0,0,0
580.33,0,0,0
580.47,0,0,0
580.60,0,0,0
580.73,0,0,0
580.87,0,0,0
581.00,0,0,0
581.13,0,0,0
581.27,0,0,0
581.40,0,0,0
581.53,0,0,0
581.67,0,0,0
581.80,0,0,0
581.93,0,0,0
582.07,0,0,0
582.20,0,0,0
582.33,0,0,0
582.47,0,0,0
582.60,0,0,0
582.73,0,0,0
582.87,0,0,0
583.00,0,0,0
583.13,0,0,0
583.27,0,0,0
583.40,0,0,0
583.53,0,0,0
583.67,0,0,0
583.80,0,0,0
583.93,0,0,0
584.07,0,0,0
584.20,0,0,0
584.33,0,0,0
584.47,0,0,0
584.60,0,0,0
584.73,0,0,0
584.87,0,0,0
585.00,0,0,0
585.13,0,0,0
585.27,0,0,0
585.40,0,0,0
585.53,0,0,0
585.67,0,0,0
585.80,0,0,0
585.93,0,0,0
586.07,0,0,0
586.20,0,0,0
586.33,0,0,0
586.47,0,0,0
586.60,0,0,0
586.73,0,0,0
586.87,0,0,0
587.00,0,0,0
587.13,0,0,0
587.27,0,0,0
587.40,0,0,0
587.53,0,0,0
587.67,0,0,0
587.80,0,0,0
587.93,0,0,0
588.07,0,0,0
588.20,0,0,0
588.33,0,0,0
588.47,0,0,0
588.60,0,0,0
588.73,0,0,0
588.87,0,0,0
588.97,0,0,0
589.03,0,0,0
589.10,0,0,0
589.17,0,0,0
589.23,0,0,0
589.30,0,0,0
589.37,0,0,0
589.43,0,0,0
589.50,0,0,0
589.57,0,0,0
589.63,0,0,0
589.70,0,0,0
589.77,0,0,0
589.83,0,0,0
589.90,0,0,0
589.97,0,0,0
590.03,0,0,0
590.10,0,0,0
590.17,0,0,0
590.23,0,0,0
590.30,0,0,0
590.37,0,0,0
590.43,0,0,0
590.50,0,0,0
590.57,0,0,0
590.63,0,0,0
590.70,0,0,0
590.77,0,0,0
590.83,0,0,0
590.90,0,0,0
590.97,0,0,0
591.03,0,0,0
591.10,0,0,0
591.17,0,0,0
591.23,0,0,0
591.30,0,0,0
591.37,0,0,0
591.43,0,0,0
591.50,0,0,0
591.57,0,0,0
591.63,0,0,0
591.70,0,0,0
591.77,0,0,0
591.83,0,0,0
591.90,0,0,0
591.97,0,0,0
592.03,0,0,0
592.10,0,0,0
592.17,0,0,0
592.23,0,0,0
592.30,0,0,0
592.37,0,0,0
592.43,0,0,0
592.50,0,0,0
592.57,0,0,0
592.63,0,0,0
592.70,0,0,0
592.77,0,0,0
592.83,0,0,0
592.90,0,0,0
592.97,0,0,0
593.03,0,0,0
593.10,0,0,0
593.17,0,0,0
593.23,0,0,0
593.33,0,0,0
593.47,0,0,0
593.60,0,0,0
593.73,0,0,0
593.87,0,0,0
594.00,0,0,0
594.13,0,0,0
594.27,0,0,0
594.40,0,0,0
594.53,0,0,0
594.67,0,0,0
594.80,0,0,0
594.93,0,0,0
595.07,0,0,0
595.20,0,0,0
595.33,0,0,0
595.47,0,0,0
595.60,0,0,0
595.73,0,0,0
595.87,0,0,0
596.00,0,0,0
596.13,0,0,0
596.27,0,0,0
596.40,0,0,0
596.53,0,0,0
596.67,0,0,0
596.80,0,0,0
596.93,0,0,0
597.07,0,0,0
597.20,0,0,0
597.33,0,0,0
597.47,0,0,0
597.60,0,0,0
597.73,0,0,0
597.87,0,0,0
598.00,0,0,0
598.13,0,0,0
598.27,0,0,0
598.40,0,0,0
598.53,0,0,0
598.67,0,0,0
598.80,0,0,0
598.93,0,0,0
599.07,0,0,0
599.20,0,0,0
599.33,0,0,0
599.47,0,0,0
599.60,0,0,0
599.73,0,0,0
599.87,0,0,0
600.00,0,0,0
600.13,0,0,0
600.27,0,0,0
600.40,0,0,0
600.53,0,0,0
600.67,0,0,0
600.80,0,0,0
600.93,0,0,0
601.07,0,0,0
601.20,0,0,0
601.33,0,0,0
601.47,0,0,0
601.60,0,0,0
601.73,0,0,0
601.87,0,0,0
602.00,0,0,0
602.13,0,0,0
602.27,0,0,0
602.40,0,0,0
602.53,0,0,0
602.67,0,0,0
602.80,0,0,0
602.93,0,0,0
603.07,0,0,0
603.20,0,0,0
603.33,0,0,0
603.47,0,0,0
603.60,0,0,0
603.73,0,0,0
603.87,0,0,0
604.00,0,0,0
604.13,0,0,0
604.27,0,0,0
604.40,0,0,0
604.53,0,0,0
604.67,0,0,0
604.80,0,0,0
604.93,0,0,0
605.07,0,0,0
605.20,0,0,0
605.33,0,0,0
605.47,0,0,0
605.60,0,0,0
605.73,0,0,0
605.87,0,0,0
606.00,0,0,0
606.13,0,0,0
606.27,0,0,0
606.40,0,0,0
606.53,0,0,0
606.67,0,0,0
606.80,0,0,0
606.93,0,0,0
607.07,0,0,0
607.20,0,0,0
607.33,0,0,0
607.47,0,0,0
607.60,0,0,0
607.73,0,0,0
607.87,0,0,0
608.00,0,0,0
608.13,0,0,0
608.27,0,0,0
608.40,0,0,0
608.53,0,0,0
608.67,0,0,0
608.80,0,0,0
608.93,0,0,0
609.07,0,0,0
609.20,0,0,0
609.33,0,0,0
609.47,0,0,0
609.60,0,0,0
609.73,0,0,0
609.87,0,0,0
610.00,0,0,0
610.13,0,0,0
610.27,0,0,0
610.40,0,0,0
610.53,0,0,0
610.67,0,0,0
610.80,0,0,0
610.93,0,0,0
611.07,0,0,0
611.20,0,0,0
611.33,0,0,0
611.47,0,0,0
611.60,0,0,0
611.73,0,0,0
611.87,0,0,0
612.00,0,0,0
612.13,0,0,0
612.27,0,0,0
612.40,0,0,0
612.53,0,0,0
612.67,0,0,0
612.80,0,0,0
612.93,0,0,0
613.07,0,0,0
613.20,0,0,0
613.33,0,0,0
613.47,0,0,0
613.60,0,0,0
613.73,0,0,0
613.87,0,0,0
614.00,0,0,0
614.13,0,0,0
614.27,0,0,0
614.40,0,0,0
614.53,0,0,0
614.67,0,0,0
614.80,0,0,0
614.93,0,0,0
615.07,0,0,0
615.20,0,0,0
615.33,0,0,0
615.47,0,0,0
615.60,0,0,0
615.73,0,0,0
615.87,0,0,0
616.00,0,0,0
616.13,0,0,0
616.27,0,0,0
616.40,0,0,0
616.53,0,0,0
616.67,0,0,0
616.80,0,0,0
616.93,0,0,0
617.07,0,0,0
617.20,0,0,0
617.33,0,0,0
617.47,0,0,0
617.60,0,0,0
617.73,0,0,0
617.87,0,0,0
618.00,0,0,0
618.13,0,0,0
618.27,0,0,0
618.40,0,0,0
618.53,0,0,0
618.67,0,0,0
618.80,0,0,0
618.93,0,0,0
619.07,0,0,0
619.20,0,0,0
619.33,0,0,0
619.47,0,0,0
619.60,0,0,0
619.73,0,0,0
619.87,0,0,0
620.00,0,0,0
620.13,0,0,0
620.27,0,0,0
620.40,0,0,0
620.53,0,0,0
620.67,0,0,0
620.80,0,0,0
620.93,0,0,0
621.07,0,0,0
621.20,0,0,0
621.33,0,0,0
621.47,0,0,0
621.60,0,0,0
621.73,0,0,0
621.87,0,0,0
622.00,0,0,0
622.13,0,0,0
622.27,0,0,0
622.40,0,0,0
622.53,0,0,0
622.67,0,0,0
622.80,0,0,0
622.93,0,0,0
623.07,0,0,0
623.20,0,0,0
623.33,0,0,0
623.47,0,0,0
623.60,0,0,0
623.73,0,0,0
623.87,0,0,0
624.00,0,0,0
624.13,0,0,0
624.27,0,0,0
624.40,0,0,0
624.53,0,0,0
624.67,0,0,0
624.80,0,0,0
624.93,0,0,0
625.07,0,0,0
625.20,0,0,0
625.33,0,0,0
625.47,0,0,0
625.60,0,0,0
625.73,0,0,0
625.87,0,0,0
626.00,0,0,0
626.13,0,0,0
626.27,0,0,0
626.40,0,0,0
626.53,0,0,0
626.67,0,0,0
626.80,0,0,0
626.93,0,0,0
627.07,0,0,0
627.20,0,0,0
627.33,0,0,0
627.47,0,0,0
627.60,0,0,0
627.73,0,0,0
627.87,0,0,0
628.00,0,0,0
628.13,0,0,0
628.27,0,0,0
628.40,0,0,0
628.53,0,0,0
628.67,0,0,0
628.80,0,0,0
628.93,0,0,0
629.07,0,0,0
629.20,0,0,0
629.33,0,0,0
629.47,0,0,0
629.60,0,0,0
629.73,0,0,0
629.87,0,0,0
630.00,0,0,0
630.13,0,0,0
630.27,0,0,0
630.40,0,0,0
630.53,0,0,0
630.67,0,0,0
630.80,0,0,0
630.93,0,0,0
631.07,0,0,0
631.20,0,0,0
631.33,0,0,0
631.47,0,0,0
631.60,0,0,0
631.73,0,0,0
631.87,0,0,0
632.00,0,0,0
632.13,0,0,0
632.27,0,0,0
632.40,0,0,0
632.53,0,0,0
632.67,0,0,0
632.80,0,0,0
632.93,0,0,0
633.07,0,0,0
633.20,0,0,0
633.33,0,0,0
633.47,0,0,0
633.60,0,0,0
633.73,0,0,0
633.87,0,0,0
634.00,0,0,0
634.13,0,0,0
634.27,0,0,0
634.40,0,0,0
634.53,0,0,0
634.67,0,0,0
634.80,0,0,0
634.93,0,0,0
635.07,0,0,0
635.20,0,0,0
635.33,0,0,0
635.47,0,0,0
635.60,0,0,0
635.73,0,0,0
635.87,0,0,0
636.00,0,0,0
636.07,0,0,0
636.13,0,0,0
636.20,0,0,0
636.27,0,0,0
636.33,0,0,0
636.40,0,0,0
636.47,0,0,0
636.53,0,0,0
636.60,0,0,0
636.67,0,0,0
636.73,0,0,0
636.80,0,0,0
636.87,0,0,0
636.93,0,0,0
637.00,0,0,0
637.07,0,0,0
637.13,0,0,0
637.20,0,0,0
637.27,0,0,0
637.33,0,0,0
637.40,0,0,0
637.47,0,0,0
637.53,0,0,0
637.60,0,0,0
637.67,0,0,0
637.73,0,0,0
637.80,0,0,0
637.87,0,0,0
637.93,0,0,0
638.00,0,0,0
638.07,0,0,0
638.13,0,0,0
638.20,0,0,0
638.27,0,0,0
638.33,0,0,0
638.40,0,0,0
638.47,0,0,0
638.53,0,0,0
638.60,0,0,0
638.67,0,0,0
638.73,0,0,0
638.80,0,0,0
638.87,0,0,0
638.93,0,0,0
639.00,0,0,0
639.07,0,0,0
639.13,0,0,0
639.20,0,0,0
639.27,0,0,0
639.33,0,0,0
639.40,0,0,0
639.47,0,0,0
639.53,0,0,0
639.60,0,0,0
639.67,0,0,0
639.73,0,0,0
639.80,0,0,0
639.87,0,0,0
639.93,0,0,0
640.00,0,0,0
640.07,0,0,0
640.13,0,0,0
640.20,0,0,0
640.27,0,0,0
640.33,0,0,0
640.40,0,0,0
640.47,0,0,0
640.53,0,0,0
640.60,0,0,0
640.67,0,0,0
640.73,0,0,0
640.80,0,0,0
640.87,0,0,0
640.93,0,0,0
641.00,0,0,0
641.07,0,0,0
641.13,0,0,0
641.20,0,0,0
641.27,0,0,0
641.33,0,0,0
641.40,0,0,0
641.47,0,0,0
641.53,0,0,0
641.60,0,0,0
641.67,0,0,0
641.73,0,0,0
641.80,0,0,0
641.87,0,0,0
641.93,0,0,0
642.00,0,0,0
642.07,0,0,0
642.13,0,0,0
642.20,0,0,0
642.30,0,0,0
642.43,0,0,0
642.57,0,0,0
642.70,0,0,0
642.83,0,0,0
642.97,0,0,0
643.10,0,0,0
643.23,0,0,0
643.37,0,0,0
643.50,0,0,0
643.63,0,0,0
643.77,0,0,0
643.90,0,0,0
644.03,0,0,0
644.17,0,0,0
644.30,0,0,0
644.43,0,0,0
644.57,0,0,0
644.70,0,0,0
644.83,0,0,0
644.97,0,0,0
645.10,0,0,0
645.23,0,0,0
645.37,0,0,0
645.50,0,0,0
645.63,0,0,0
645.77,0,0,0
645.90,0,0,0
646.03,0,0,0
646.17,0,0,0
646.30,0,0,0
646.43,0,0,0
646.57,0,0,0
646.70,0,0,0
646.83,0,0,0
646.97,0,0,0
647.10,0,0,0
647.23,0,0,0
647.37,0,0,0
647.50,0,0,0
647.63,0,0,0
647.77,0,0,0
647.90,0,0,0
648.03,0,0,0
648.17,0,0,0
648.30,0,0,0
648.43,0,0,0
648.57,0,0,0
648.70,0,0,0
648.83,0,0,0
648.97,0,0,0
649.10,0,0,0
649.23,0,0,0
649.37,0,0,0
649.50,0,0,0
649.63,0,0,0
649.77,0,0,0
649.90,0,0,0
650.03,0,0,0
650.17,0,0,0
650.30,0,0,0
650.43,0,0,0
650.57,0,0,0
650.70,0,0,0
650.83,0,0,0
650.97,0,0,0
651.10,0,0,0
651.23,0,0,0
651.37,0,0,0
651.50,0,0,0
651.63,0,0,0
651.77,0,0,0
651.90,0,0,0
652.03,0,0,0
652.17,0,0,0
652.30,0,0,0
652.43,0,0,0
652.57,0,0,0
652.70,0,0,0
652.83,0,0,0
652.97,0,0,0
653.10,0,0,0
653.23,0,0,0
653.37,0,0,0
653.50,0,0,0
653.63,0,0,0
653.77,0,0,0
653.90,0,0,0
654.03,0,0,0
654.17,0,0,0
654.30,0,0,0
654.43,0,0,0
654.57,0,0,0
654.70,0,0,0
654.83,0,0,0
654.97,0,0,0
655.10,0,0,0
655.23,0,0,0
655.37,0,0,0
655.50,0,0,0
655.63,0,0,0
655.77,0,0,0
655.90,0,0,0
656.03,0,0,0
656.17,0,0,0
656.30,0,0,0
656.43,0,0,0
656.57,0,0,0
656.70,0,0,0
656.83,0,0,0
656.97,0,0,0
657.10,0,0,0
657.23,0,0,0
657.37,0,0,0
657.50,0,0,0
657.63,0,0,0
657.77,0,0,0
657.90,0,0,0
658.03,0,0,0
658.17,0,0,0
658.30,0,0,0
658.43,0,0,0
658.57,0,0,0
658.70,0,0,0
658.83,0,0,0
658.97,0,0,0
659.10,0,0,0
659.23,0,0,0
659.37,0,0,0
659.50,0,0,0
659.63,0,0,0
659.77,0,0,0
659.90,0,0,0
660.03,0,0,0
660.17,0,0,0
660.30,0,0,0
660.43,0,0,0
660.57,0,0,0
660.70,0,0,0
660.83,0,0,0
660.97,0,0,0
661.10,0,0,0
661.23,0,0,0
661.37,0,0,0
661.50,0,0,0
661.63,0,0,0
661.77,0,0,0
661.90,0,0,0
662.03,0,0,0
662.17,0,0,0
662.30,0,0,0
662.43,0,0,0
662.57,0,0,0
662.70,0,0,0
662.83,0,0,0
662.97,0,0,0
663.10,0,0,0
663.23,0,0,0
663.37,0,0,0
663.50,0,0,0
663.63,0,0,0
663.77,0,0,0
663.90,0,0,0
664.03,0,0,0
664.17,0,0,0
664.30,0,0,0
664.43,0,0,0
664.57,0,0,0
664.70,0,0,0
664.83,0,0,0
664.97,0,0,0
665.10,0,0,0
665.23,0,0,0
665.37,0,0,0
665.50,0,0,0
665.63,0,0,0
665.77,0,0,0
665.90,0,0,0
666.03,0,0,0
666.17,0,0,0
666.30,0,0,0
666.43,0,0,0
666.57,0,0,0
666.70,0,0,0
666.83,0,0,0
666.97,0,0,0
667.10,0,0,0
667.23,0,0,0
667.37,0,0,0
667.50,0,0,0
667.63,0,0,0
667.77,0,0,0
667.90,0,0,0
668.03,0,0,0
668.17,0,0,0
668.30,0,0,0
668.43,0,0,0
668.57,0,0,0
668.70,0,0,0
668.83,0,0,0
668.97,0,0,0
669.10,0,0,0
669.23,0,0,0
669.37,0,0,0
669.50,0,0,0
669.63,0,0,0
669.77,0,0,0
669.90,0,0,0
670.03,0,0,0
670.17,0,0,0
670.30,0,0,0
670.43,0,0,0
670.57,0,0,0
670.70,0,0,0
670.83,0,0,0
670.97,0,0,0
671.10,0,0,0
671.23,0,0,0
671.37,0,0,0
671.50,0,0,0
671.63,0,0,0
671.77,0,0,0
671.90,0,0,0
672.03,0,0,0
672.17,0,0,0
672.30,0,0,0
672.43,0,0,0
672.57,0,0,0
672.70,0,0,0
672.83,0,0,0
672.97,0,0,0
673.10,0,0,0
673.23,0,0,0
673.37,0,0,0
673.50,0,0,0
673.63,0,0,0
673.77,0,0,0
673.90,0,0,0
674.03,0,0,0
674.17,0,0,0
674.30,0,0,0
674.43,0,0,0
674.57,0,0,0
674.70,0,0,0
674.83,0,0,0
674.97,0,0,0
675.10,0,0,0
675.23,0,0,0
675.37,0,0,0
675.50,0,0,0
675.63,0,0,0
675.77,0,0,0
675.90,0,0,0
676.03,0,0,0
676.17,0,0,0
676.30,0,0,0
676.43,0,0,0
676.57,0,0,0
676.70,0,0,0
676.83,0,0,0
676.97,0,0,0
677.10,0,0,0
677.23,0,0,0
677.37,0,0,0
677.50,0,0,0
677.63,0,0,0
677.77,0,0,0
677.90,0,0,0
678.03,0,0,0
678.17,0,0,0
678.30,0,0,0
678.43,0,0,0
678.57,0,0,0
678.70,0,0,0
678.83,0,0,0
678.97,0,0,0
679.10,0,0,0
679.23,0,0,0
679.37,0,0,0
679.50,0,0,0
679.63,0,0,0
679.77,0,0,0
679.90,0,0,0
680.03,0,0,0
680.17,0,0,0
680.30,0,0,0
680.43,0,0,0
680.57,0,0,0
680.70,0,0,0
680.83,0,0,0
680.97,0,0,0
681.10,0,0,0
681.23,0,0,0
681.37,0,0,0
681.50,0,0,0
681.63,0,0,0
681.77,0,0,0
681.90,0,0,0
682.03,0,0,0
682.17,0,0,0
682.30,0,0,0
682.43,0,0,0
682.57,0,0,0
682.70,0,0,0
682.83,0,0,0
682.97,0,0,0
683.10,0,0,0
683.23,0,0,0
683.37,0,0,0
683.50,0,0,0
683.63,0,0,0
683.77,0,0,0
683.90,0,0,0
684.03,0,0,0
684.17,0,0,0
684.30,0,0,0
684.43,0,0,0
684.57,0,0,0
684.70,0,0,0
684.83,0,0,0
684.97,0,0,0
685.10,0,0,0
685.23,0,0,0
685.37,0,0,0
685.50,0,0,0
685.63,0,0,0
685.77,0,0,0
685.90,0,0,0
686.03,0,0,0
686.17,0,0,0
686.30,0,0,0
686.43,0,0,0
686.57,0,0,0
686.70,0,0,0
686.83,0,0,0
686.97,0,0,0
687.10,0,0,0
687.23,0,0,0
687.37,0,0,0
687.50,0,0,0
687.63,0,0,0
687.77,0,0,0
687.90,0,0,0
688.03,0,0,0
688.17,0,0,0
688.30,0,0,0
688.43,0,0,0
688.57,0,0,0
688.70,0,0,0
688.83,0,0,0
688.97,0,0,0
689.10,0,0,0
689.23,0,0,0
689.37,0,0,0
689.50,0,0,0
689.63,0,0,0
689.77,0,0,0
689.90,0,0,0
690.03,0,0,0
690.17,0,0,0
690.30,0,0,0
690.43,0,0,0
690.57,0,0,0
690.70,0,0,0
690.83,0,0,0
690.97,0,0,0
691.10,0,0,0
691.23,0,0,0
691.37,0,0,0
691.50,0,0,0
691.63,0,0,0
691.77,0,0,0
691.90,0,0,0
692.03,0,0,0
692.17,0,0,0
692.30,0,0,0
692.43,0,0,0
692.57,0,0,0
692.70,0,0,0
692.83,0,0,0
692.97,0,0,0
693.10,0,0,0
693.23,0,0,0
693.37,0,0,0
693.50,0,0,0
693.63,0,0,0
693.77,0,0,0
693.90,0,0,0
694.03,0,0,0
694.17,0,0,0
694.30,0,0,0
694.43,0,0,0
694.57,0,0,0
694.70,0,0,0
694.83,0,0,0
694.97,0,0,0
695.10,0,0,0
695.23,0,0,0
695.37,0,0,0
695.50,0,0,0
695.63,0,0,0
695.77,0,0,0
695.90,0,0,0
696.03,0,0,0
696.17,0,0,0
696.30,0,0,0
696.43,0,0,0
696.57,0,0,0
696.70,0,0,0
696.83,0,0,0
696.97,0,0,0
697.10,0,0,0
697.23,0,0,0
697.37,0,0,0
697.50,0,0,0
697.63,0,0,0
697.77,0,0,0
697.90,0,0,0
698.03,0,0,0
698.17,0,0,0
698.30,0,0,0
698.43,0,0,0
698.57,0,0,0
698.70,0,0,0
698.83,0,0,0
698.97,0,0,0
699.10,0,0,0
699.23,0,0,0
699.37,0,0,0
699.50,0,0,0
699.63,0,0,0
699.77,0,0,0
699.90,0,0,0
700.03,0,0,0
700.17,0,0,0
700.30,0,0,0
700.43,0,0,0
700.57,0,0,0
700.70,0,0,0
700.83,0,0,0
700.97,0,0,0
701.10,0,0,0
701.23,0,0,0
701.37,0,0,0
701.50,0,0,0
701.63,0,0,0
701.77,0,0,0
701.90,0,0,0
702.03,0,0,0
702.17,0,0,0
702.30,0,0,0
702.43,0,0,0
702.57,0,0,0
702.70,0,0,0
702.83,0,0,0
702.97,0,0,0
703.10,0,0,0
703.23,0,0,0
703.37,0,0,0
703.50,0,0,0
703.63,0,0,0
703.77,0,0,0
703.90,0,0,0
704.03,0,0,0
704.17,0,0,0
704.30,0,0,0
704.43,0,0,0
704.57,0,0,0
704.70,0,0,0
704.83,0,0,0
704.97,0,0,0
705.10,0,0,0
705.23,0,0,0
705.37,0,0,0
705.50,0,0,0
705.63,0,0,0
705.77,0,0,0
705.90,0,0,0
706.03,0,0,0
706.17,0,0,0
706.30,0,0,0
706.43,0,0,0
706.57,0,0,0
706.70,0,0,0
706.83,0,0,0
706.97,0,0,0
707.10,0,0,0
707.23,0,0,0
707.37,0,0,0
707.50,0,0,0
707.63,0,0,0
707.77,0,0,0
707.90,0,0,0
708.03,0,0,0
708.17,0,0,0
708.30,0,0,0
708.43,0,0,0
708.57,0,0,0
708.70,0,0,0
708.83,0,0,0
708.97,0,0,0
709.10,0,0,0
709.23,0,0,0
709.37,0,0,0
709.50,0,0,0
709.63,0,0,0
709.77,0,0,0
709.90,0,0,0
710.03,0,0,0
710.17,0,0,0
710.30,0,0,0
710.43,0,0,0
710.57,0,0,0
710.70,0,0,0
710.83,0,0,0
710.97,0,0,0
711.10,0,0,0
711.23,0,0,0
711.37,0,0,0
711.50,0,0,0
711.63,0,0,0
711.77,0,0,0
711.90,0,0,0
712.03,0,0,0
712.17,0,0,0
712.30,0,0,0
712.43,0,0,0
712.57,0,0,0
712.70,0,0,0
712.83,0,0,0
712.97,0,0,0
713.10,0,0,0
713.23,0,0,0
713.37,0,0,0
713.50,0,0,0
713.63,0,0,0
713.77,0,0,0
713.90,0,0,0
714.03,0,0,0
714.17,0,0,0
714.30,0,0,0
714.43,0,0,0
714.57,0,0,0
714.70,0,0,0
714.83,0,0,0
714.97,0,0,0
715.10,0,0,0
715.23,0,0,0
715.37,0,0,0
715.50,0,0,0
715.63,0,0,0
715.77,0,0,0
715.90,0,0,0
716.03,0,0,0
716.17,0,0,0
716.30,0,0,0
716.43,0,0,0
716.57,0,0,0
716.70,0,0,0
716.83,0,0,0
716.97,0,0,0
717.10,0,0,0
717.23,0,0,0
717.37,0,0,0
717.50,0,0,0
717.63,0,0,0
717.77,0,0,0
717.90,0,0,0
718.03,0,0,0
718.17,0,0,0
718.30,0,0,0
718.43,0,0,0
718.57,0,0,0
718.70,0,0,0
718.83,0,0,0
718.97,0,0,0
719.10,0,0,0
719.23,0,0,0
719.37,0,0,0
719.50,0,0,0
719.63,0,0,0
719.77,0,0,0
719.90,0,0,0
720.03,0,0,0
720.17,0,0,0
720.30,0,0,0
720.43,0,0,0
720.57,0,0,0
720.70,0,0,0
720.83,0,0,0
720.97,0,0,0
721.10,0,0,0
721.23,0,0,0
721.37,0,0,0
721.50,0,0,0
721.63,0,0,0
721.77,0,0,0
721.90,0,0,0
722.03,0,0,0
722.17,0,0,0
722.30,0,0,0
722.43,0,0,0
722.57,0,0,0
722.70,0,0,0
722.83,0,0,0
722.97,0,0,0
723.10,0,0,0
723.23,0,0,0
723.37,0,0,0
723.50,0,0,0
723.63,0,0,0
723.77,0,0,0
723.90,0,0,0
724.03,0,0,0
724.17,0,0,0
724.30,0,0,0
724.43,0,0,0
724.57,0,0,0
724.70,0,0,0
724.83,0,0,0
724.97,0,0,0
725.10,0,0,0
725.23,0,0,0
725.37,0,0,0
725.50,0,0,0
725.63,0,0,0
725.77,0,0,0
725.90,0,0,0
726.03,0,0,0
726.17,0,0,0
726.30,0,0,0
726.43,0,0,0
726.57,0,0,0
726.70,0,0,0
726.83,0,0,0
726.97,0,0,0
727.10,0,0,0
727.23,0,0,0
727.37,0,0,0
727.50,0,0,0
727.63,0,0,0
727.77,0,0,0
727.90,0,0,0
728.03,0,0,0
728.17,0,0,0
728.30,0,0,0
728.43,0,0,0
728.57,0,0,0
728.70,0,0,0
728.83,0,0,0
728.97,0,0,0
729.10,0,0,0
729.23,0,0,0
729.37,0,0,0
729.50,0,0,0
729.63,0,0,0
729.77,0,0,0
729.90,0,0,0
730.03,0,0,0
730.17,0,0,0
730.30,0,0,0
730.43,0,0,0
730.57,0,0,0
730.70,0,0,0
730.83,0,0,0
730.97,0,0,0
731.10,0,0,0
731.23,0,0,0
731.37,0,0,0
731.50,0,0,0
731.63,0,0,0
731.77,0,0,0
731.90,0,0,0
732.03,0,0,0
732.17,0,0,0
732.30,0,0,0
732.43,0,0,0
732.57,0,0,0
732.70,0,0,0
732.83,0,0,0
732.97,0,0,0
733.10,0,0,0
733.23,0,0,0
733.37,0,0,0
733.50,0,0,0
733.63,0,0,0
733.77,0,0,0
733.90,0,0,0
734.03,0,0,0
734.17,0,0,0
734.30,0,0,0
734.43,0,0,0
734.57,0,0,0
734.70,0,0,0
734.83,0,0,0
734.97,0,0,0
735.10,0,0,0
735.23,0,0,0
735.37,0,0,0
735.50,0,0,0
735.63,0,0,0
735.77,0,0,0
735.90,0,0,0
736.03,0,0,0
736.17,0,0,0
736.30,0,0,0
736.43,0,0,0
736.57,0,0,0
736.70,0,0,0
736.83,0,0,0
736.97,0,0,0
737.10,0,0,0
737.23,0,0,0
737.37,0,0,0
737.50,0,0,0
737.63,0,0,0
737.77,0,0,0
737.90,0,0,0
738.03,0,0,0
738.17,0,0,0
738.30,0,0,0
738.43,0,0,0
738.57,0,0,0
738.70,0,0,0
738.83,0,0,0
738.97,0,0,0
739.10,0,0,0
739.23,0,0,0
739.37,0,0,0
739.50,0,0,0
739.63,0,0,0
739.77,0,0,0
739.90,0,0,0
740.03,0,0,0
740.17,0,0,0
740.30,0,0,0
740.43,0,0,0
740.57,0,0,0
740.70,0,0,0
740.83,0,0,0
740.97,0,0,0
741.10,0,0,0
741.23,0,0,0
741.37,0,0,0
741.50,0,0,0
741.63,0,0,0
741.77,0,0,0
741.90,0,0,0
742.03,0,0,0
742.17,0,0,0
742.30,0,0,0
742.43,0,0,0
742.57,0,0,0
742.70,0,0,0
742.83,0,0,0
742.97,0,0,0
743.10,0,0,0
743.23,0,0,0
743.37,0,0,0
743.50,0,0,0
743.63,0,0,0
743.77,0,0,0
743.90,0,0,0
744.03,0,0,0
744.17,0,0,0
744.30,0,0,0
744.43,0,0,0
744.57,0,0,0
744.70,0,0,0
744.83,0,0,0
744.97,0,0,0
745.10,0,0,0
745.23,0,0,0
745.37,0,0,0
745.50,0,0,0
745.63,0,0,0
745.77,0,0,0
745.90,0,0,0
746.03,0,0,0
746.17,0,0,0
746.30,0,0,0
746.43,0,0,0
746.57,0,0,0
746.70,0,0,0
746.83,0,0,0
746.97,0,0,0
747.10,0,0,0
747.23,0,0,0
747.37,0,0,0
747.50,0,0,0
747.63,0,0,0
747.77,0,0,0
747.90,0,0,0
748.03,0,0,0
748.17,0,0,0
748.30,0,0,0
748.43,0,0,0
748.57,0,0,0
748.70,0,0,0
748.83,0,0,0
748.97,0,0,0
749.10,0,0,0
749.23,0,0,0
749.37,0,0,0
749.50,0,0,0
749.63,0,0,0
749.77,0,0,0
749.90,0,0,0
750.03,0,0,0
750.17,0,0,0
750.30,0,0,0
750.43,0,0,0
750.57,0,0,0
750.70,0,0,0
750.83,0,0,0
750.97,0,0,0
751.10,0,0,0
751.23,0,0,0
751.37,0,0,0
751.50,0,0,0
751.63,0,0,0
751.77,0,0,0
751.90,0,0,0
752.03,0,0,0
752.17,0,0,0
752.30,0,0,0
752.43,0,0,0
752.57,0,0,0
752.70,0,0,0
752.83,0,0,0
752.97,0,0,0
753.10,0,0,0
753.23,0,0,0
753.37,0,0,0
753.50,0,0,0
753.63,0,0,0
753.77,0,0,0
753.90,0,0,0
754.03,0,0,0
754.17,0,0,0
754.30,0,0,0
754.43,0,0,0
754.57,0,0,0
754.70,0,0,0
754.83,0,0,0
754.97,0,0,0
755.10,0,0,0
755.23,0,0,0
755.37,0,0,0
755.50,0,0,0
755.63,0,0,0
755.77,0,0,0
755.90,0,0,0
756.03,0,0,0
756.17,0,0,0
756.30,0,0,0
756.43,0,0,0
756.57,0,0,0
756.70,0,0,0
756.83,0,0,0
756.97,0,0,0
757.10,0,0,0
757.23,0,0,0
757.37,0,0,0
757.50,0,0,0
757.63,0,0,0
757.77,0,0,0
757.90,0,0,0
758.03,0,0,0
758.17,0,0,0
758.30,0,0,0
758.43,0,0,0
758.57,0,0,0
758.70,0,0,0
758.83,0,0,0
758.97,0,0,0
759.10,0,0,0
759.23,0,0,0
759.37,0,0,0
759.50,0,0,0
759.63,0,0,0
759.77,0,0,0
759.90,0,0,0
760.03,0,0,0
760.17,0,0,0
760.30,0,0,0
760.43,0,0,0
760.57,0,0,0
760.70,0,0,0
760.83,0,0,0
760.97,0,0,0
761.10,0,0,0
761.23,0,0,0
761.37,0,0,0
761.50,0,0,0
761.63,0,0,0
761.77,0,0,0
761.90,0,0,0
762.03,0,0,0
762.17,0,0,0
762.30,0,0,0
762.43,0,0,0
762.57,0,0,0
762.70,0,0,0
762.83,0,0,0
762.97,0,0,0
763.10,0,0,0
763.23,0,0,0
763.37,0,0,0
763.50,0,0,0
763.63,0,0,0
763.77,0,0,0
763.90,0,0,0
764.03,0,0,0
764.17,0,0,0
764.30,0,0,0
764.43,0,0,0
764.57,0,0,0
764.70,0,0,0
764.83,0,0,0
764.97,0,0,0
765.10,0,0,0
765.23,0,0,0
765.37,0,0,0
765.50,0,0,0
765.63,0,0,0
765.77,0,0,0
765.90,0,0,0
766.03,0,0,0
766.17,0,0,0
766.30,0,0,0
766.43,0,0,0
766.57,0,0,0
766.70,0,0,0
766.83,0,0,0
766.97,0,0,0
767.10,0,0,0
767.23,0,0,0
767.37,0,0,0
767.50,0,0,0
767.63,0,0,0
767.77,0,0,0
767.90,0,0,0
768.03,0,0,0
768.17,0,0,0
768.30,0,0,0
